Vertex Count: 96

Data:

-34.8664 0 -34.0873 0.25 0.75 0 1 0
-69.7971 0 -68.787 0 1 0 1 0
-69.7971 0 -34.0873 0 0.75 0 1 0
-69.7971 0 -68.787 0 1 0 1 0
-34.8664 0 -34.0873 0.25 0.75 0 1 0
-34.8664 0 -68.787 0.25 1 0 1 0
0.0644 0 -34.0873 0.5 0.75 0 1 0
-34.8664 0 -68.787 0.25 1 0 1 0
-34.8664 0 -34.0873 0.25 0.75 0 1 0
-34.8664 0 -68.787 0.25 1 0 1 0
0.0644 0 -34.0873 0.5 0.75 0 1 0
0.0644 0 -68.787 0.5 1 0 1 0
34.9951 0 -34.0873 0.75 0.75 0 1 0
0.0644 0 -68.787 0.5 1 0 1 0
0.0644 0 -34.0873 0.5 0.75 0 1 0
0.0644 0 -68.787 0.5 1 0 1 0
34.9951 0 -34.0873 0.75 0.75 0 1 0
34.9951 0 -68.787 0.75 1 0 1 0
69.9259 0 -34.0873 1 0.75 0 1 0
34.9951 0 -68.787 0.75 1 0 1 0
34.9951 0 -34.0873 0.75 0.75 0 1 0
34.9951 0 -68.787 0.75 1 0 1 0
69.9259 0 -34.0873 1 0.75 0 1 0
69.9259 0 -68.787 1 1 0 1 0
-34.8664 0 0.6124 0.25 0.5 0 1 0
-69.7971 0 -34.0873 0 0.75 0 1 0
-69.7971 0 0.6124 0 0.5 0 1 0
-69.7971 0 -34.0873 0 0.75 0 1 0
-34.8664 0 0.6124 0.25 0.5 0 1 0
-34.8664 0 -34.0873 0.25 0.75 0 1 0
0.0644 0 0.6124 0.5 0.5 0 1 0
-34.8664 0 -34.0873 0.25 0.75 0 1 0
-34.8664 0 0.6124 0.25 0.5 0 1 0
-34.8664 0 -34.0873 0.25 0.75 0 1 0
0.0644 0 0.6124 0.5 0.5 0 1 0
0.0644 0 -34.0873 0.5 0.75 0 1 0
34.9951 0 0.6124 0.75 0.5 0 1 0
0.0644 0 -34.0873 0.5 0.75 0 1 0
0.0644 0 0.6124 0.5 0.5 0 1 0
0.0644 0 -34.0873 0.5 0.75 0 1 0
34.9951 0 0.6124 0.75 0.5 0 1 0
34.9951 0 -34.0873 0.75 0.75 0 1 0
69.9259 0 0.6124 1 0.5 0 1 0
34.9951 0 -34.0873 0.75 0.75 0 1 0
34.9951 0 0.6124 0.75 0.5 0 1 0
34.9951 0 -34.0873 0.75 0.75 0 1 0
69.9259 0 0.6124 1 0.5 0 1 0
69.9259 0 -34.0873 1 0.75 0 1 0
-34.8664 0 35.3121 0.25 0.25 0 1 0
-69.7971 0 0.6124 0 0.5 0 1 0
-69.7971 0 35.3121 0 0.25 0 1 0
-69.7971 0 0.6124 0 0.5 0 1 0
-34.8664 0 35.3121 0.25 0.25 0 1 0
-34.8664 0 0.6124 0.25 0.5 0 1 0
0.0644 0 35.3121 0.5 0.25 0 1 0
-34.8664 0 0.6124 0.25 0.5 0 1 0
-34.8664 0 35.3121 0.25 0.25 0 1 0
-34.8664 0 0.6124 0.25 0.5 0 1 0
0.0644 0 35.3121 0.5 0.25 0 1 0
0.0644 0 0.6124 0.5 0.5 0 1 0
34.9951 0 35.3121 0.75 0.25 0 1 0
0.0644 0 0.6124 0.5 0.5 0 1 0
0.0644 0 35.3121 0.5 0.25 0 1 0
0.0644 0 0.6124 0.5 0.5 0 1 0
34.9951 0 35.3121 0.75 0.25 0 1 0
34.9951 0 0.6124 0.75 0.5 0 1 0
69.9259 0 35.3121 1 0.25 0 1 0
34.9951 0 0.6124 0.75 0.5 0 1 0
34.9951 0 35.3121 0.75 0.25 0 1 0
34.9951 0 0.6124 0.75 0.5 0 1 0
69.9259 0 35.3121 1 0.25 0 1 0
69.9259 0 0.6124 1 0.5 0 1 0
-34.8664 0 70.0119 0.25 0 0 1 0
-69.7971 0 35.3121 0 0.25 0 1 0
-69.7971 0 70.0119 0 0 0 1 0
-69.7971 0 35.3121 0 0.25 0 1 0
-34.8664 0 70.0119 0.25 0 0 1 0
-34.8664 0 35.3121 0.25 0.25 0 1 0
0.0644 0 70.0119 0.5 0 0 1 0
-34.8664 0 35.3121 0.25 0.25 0 1 0
-34.8664 0 70.0119 0.25 0 0 1 0
-34.8664 0 35.3121 0.25 0.25 0 1 0
0.0644 0 70.0119 0.5 0 0 1 0
0.0644 0 35.3121 0.5 0.25 0 1 0
34.9951 0 70.0119 0.75 0 0 1 0
0.0644 0 35.3121 0.5 0.25 0 1 0
0.0644 0 70.0119 0.5 0 0 1 0
0.0644 0 35.3121 0.5 0.25 0 1 0
34.9951 0 70.0119 0.75 0 0 1 0
34.9951 0 35.3121 0.75 0.25 0 1 0
69.9259 0 70.0119 1 0 0 1 0
34.9951 0 35.3121 0.75 0.25 0 1 0
34.9951 0 70.0119 0.75 0 0 1 0
34.9951 0 35.3121 0.75 0.25 0 1 0
69.9259 0 70.0119 1 0 0 1 0
69.9259 0 35.3121 1 0.25 0 1 0
