Vertex Count: 717

Data:

16.0237 52.9145 -40.6946 0.1599 0.9815 0.7959 0.5972 -0.0999
-13.4628 88.0282 -65.7026 0.158 0.4962 0.7096 0.6791 -0.1879
-28.8897 115.379 -25.1174 0.5297 0.4962 0.4263 0.8526 0.3022
-28.8897 115.379 -25.1174 0.5297 0.4962 0.4263 0.8526 0.3022
0.5967 80.2647 -0.1094 0.5316 0.9815 0.542 0.7395 0.3993
16.0237 52.9145 -40.6946 0.1599 0.9815 0.7959 0.5972 -0.0999
0.5967 80.2647 -0.1094 0.5316 0.9815 0.542 0.7395 0.3993
-28.8897 115.379 -25.1174 0.5297 0.4962 0.4263 0.8526 0.3022
-66.0875 90.912 0.3954 0.8147 0.4962 0.0056 0.7177 0.6963
-66.0875 90.912 0.3954 0.8147 0.4962 0.0056 0.7177 0.6963
-36.6011 55.7983 25.4034 0.8166 0.9815 0.1072 0.6349 0.7651
0.5967 80.2647 -0.1094 0.5316 0.9815 0.542 0.7395 0.3993
-13.4628 88.0282 -65.7026 0.158 0.4962 0.7096 0.6791 -0.1879
-50.0124 106.331 -95.6006 0.1599 0.0205 0.6015 0.7495 -0.2765
-65.4393 133.681 -55.0154 0.5316 0.0205 0.3027 0.9318 0.2004
-65.4393 133.681 -55.0154 0.5316 0.0205 0.3027 0.9318 0.2004
-28.8897 115.379 -25.1174 0.5297 0.4962 0.4263 0.8526 0.3022
-13.4628 88.0282 -65.7026 0.158 0.4962 0.7096 0.6791 -0.1879
-28.8897 115.379 -25.1174 0.5297 0.4962 0.4263 0.8526 0.3022
-65.4393 133.681 -55.0154 0.5316 0.0205 0.3027 0.9318 0.2004
-102.637 109.215 -29.5026 0.8166 0.0205 -0.102 0.7881 0.6071
-102.637 109.215 -29.5026 0.8166 0.0205 -0.102 0.7881 0.6071
-66.0875 90.912 0.3954 0.8147 0.4962 0.0056 0.7177 0.6963
-28.8897 115.379 -25.1174 0.5297 0.4962 0.4263 0.8526 0.3022
-26.1884 115.379 -25.1174 0.5297 0.4962 -0.1072 -0.6349 -0.7651
-33.8999 55.7983 25.4034 0.8166 0.9815 -0.1072 -0.6349 -0.7651
-63.3863 90.912 0.3954 0.8147 0.4962 -0.1072 -0.6349 -0.7651
-33.8999 55.7983 25.4034 0.8166 0.9815 -0.1072 -0.6349 -0.7651
-26.1884 115.379 -25.1174 0.5297 0.4962 -0.1072 -0.6349 -0.7651
3.298 80.2647 -0.1094 0.5316 0.9815 -0.1072 -0.6349 -0.7651
-10.7615 88.0282 -65.7026 0.158 0.4962 -0.7959 -0.5972 0.0999
3.298 80.2647 -0.1094 0.5316 0.9815 -0.7959 -0.5972 0.0999
-26.1884 115.379 -25.1174 0.5297 0.4962 -0.7959 -0.5972 0.0999
3.298 80.2647 -0.1094 0.5316 0.9815 -0.7959 -0.5972 0.0999
-10.7615 88.0282 -65.7026 0.158 0.4962 -0.7959 -0.5972 0.0999
18.7249 52.9145 -40.6946 0.1599 0.9815 -0.7959 -0.5972 0.0999
-62.7381 133.681 -55.0154 0.5316 0.0205 0.102 -0.7881 -0.6071
-63.3863 90.912 0.3954 0.8147 0.4962 0.102 -0.7881 -0.6071
-99.9359 109.215 -29.5026 0.8166 0.0205 0.102 -0.7881 -0.6071
-63.3863 90.912 0.3954 0.8147 0.4962 0.102 -0.7881 -0.6071
-62.7381 133.681 -55.0154 0.5316 0.0205 0.102 -0.7881 -0.6071
-26.1884 115.379 -25.1174 0.5297 0.4962 0.102 -0.7881 -0.6071
-47.3111 106.331 -95.6006 0.1599 0.0205 -0.6015 -0.7495 0.2765
-26.1884 115.379 -25.1174 0.5297 0.4962 -0.6015 -0.7495 0.2765
-62.7381 133.681 -55.0154 0.5316 0.0205 -0.6015 -0.7495 0.2765
-26.1884 115.379 -25.1174 0.5297 0.4962 -0.6015 -0.7495 0.2765
-47.3111 106.331 -95.6006 0.1599 0.0205 -0.6015 -0.7495 0.2765
-10.7615 88.0282 -65.7026 0.158 0.4962 -0.6015 -0.7495 0.2765
-48.7608 44.9638 1.9822 0.1599 0.9815 -0.4731 0.5894 -0.6548
-57.5529 85.2553 44.5982 0.158 0.4962 -0.5087 0.6724 -0.5376
-8.8116 116.349 37.3665 0.5297 0.4962 0.0569 0.8473 -0.528
-8.8116 116.349 37.3665 0.5297 0.4962 0.0569 0.8473 -0.528
-0.0195 76.0575 -5.2495 0.5316 0.9815 0.0862 0.7328 -0.675
-48.7608 44.9638 1.9822 0.1599 0.9815 -0.4731 0.5894 -0.6548
-0.0195 76.0575 -5.2495 0.5316 0.9815 0.0862 0.7328 -0.675
-8.8116 116.349 37.3665 0.5297 0.4962 0.0569 0.8473 -0.528
37.013 88.9121 60.6507 0.8147 0.4962 0.6055 0.7155 -0.3485
37.013 88.9121 60.6507 0.8147 0.4962 0.6055 0.7155 -0.3485
45.8051 48.6207 18.0347 0.8166 0.9815 0.6168 0.6315 -0.4698
-0.0195 76.0575 -5.2495 0.5316 0.9815 0.0862 0.7328 -0.675
-57.5529 85.2553 44.5982 0.158 0.4962 -0.5087 0.6724 -0.5376
-67.2913 106.558 97.1146 0.1599 0.0205 -0.5342 0.7442 -0.4009
-18.55 137.651 89.8829 0.5316 0.0205 0.0272 0.9281 -0.3714
-18.55 137.651 89.8829 0.5316 0.0205 0.0272 0.9281 -0.3714
-8.8116 116.349 37.3665 0.5297 0.4962 0.0569 0.8473 -0.528
-57.5529 85.2553 44.5982 0.158 0.4962 -0.5087 0.6724 -0.5376
-8.8116 116.349 37.3665 0.5297 0.4962 0.0569 0.8473 -0.528
-18.55 137.651 89.8829 0.5316 0.0205 0.0272 0.9281 -0.3714
27.2747 110.214 113.167 0.8166 0.0205 0.5791 0.7873 -0.212
27.2747 110.214 113.167 0.8166 0.0205 0.5791 0.7873 -0.212
37.013 88.9121 60.6507 0.8147 0.4962 0.6055 0.7155 -0.3485
-8.8116 116.349 37.3665 0.5297 0.4962 0.0569 0.8473 -0.528
-8.8116 116.349 37.3665 0.5297 0.4962 -0.6168 -0.6315 0.4698
45.8051 48.6207 18.0347 0.8166 0.9815 -0.6168 -0.6315 0.4698
37.013 88.9121 60.6507 0.8147 0.4962 -0.6168 -0.6315 0.4698
45.8051 48.6207 18.0347 0.8166 0.9815 -0.6168 -0.6315 0.4698
-8.8116 116.349 37.3665 0.5297 0.4962 -0.6168 -0.6315 0.4698
-0.0195 76.0575 -5.2495 0.5316 0.9815 -0.6168 -0.6315 0.4698
-57.5529 85.2553 44.5982 0.158 0.4962 0.4731 -0.5894 0.6548
-0.0195 76.0575 -5.2495 0.5316 0.9815 0.4731 -0.5894 0.6548
-8.8116 116.349 37.3665 0.5297 0.4962 0.4731 -0.5894 0.6548
-0.0195 76.0575 -5.2495 0.5316 0.9815 0.4731 -0.5894 0.6548
-57.5529 85.2553 44.5982 0.158 0.4962 0.4731 -0.5894 0.6548
-48.7608 44.9638 1.9822 0.1599 0.9815 0.4731 -0.5894 0.6548
-18.55 137.651 89.8829 0.5316 0.0205 -0.5791 -0.7873 0.212
37.013 88.9121 60.6507 0.8147 0.4962 -0.5791 -0.7873 0.212
27.2747 110.214 113.167 0.8166 0.0205 -0.5791 -0.7873 0.212
37.013 88.9121 60.6507 0.8147 0.4962 -0.5791 -0.7873 0.212
-18.55 137.651 89.8829 0.5316 0.0205 -0.5791 -0.7873 0.212
-8.8116 116.349 37.3665 0.5297 0.4962 -0.5791 -0.7873 0.212
-67.2913 106.558 97.1146 0.1599 0.0205 0.5342 -0.7442 0.4009
-8.8116 116.349 37.3665 0.5297 0.4962 0.5342 -0.7442 0.4009
-18.55 137.651 89.8829 0.5316 0.0205 0.5342 -0.7442 0.4009
-8.8116 116.349 37.3665 0.5297 0.4962 0.5342 -0.7442 0.4009
-67.2913 106.558 97.1146 0.1599 0.0205 0.5342 -0.7442 0.4009
-57.5529 85.2553 44.5982 0.158 0.4962 0.5342 -0.7442 0.4009
10.8446 45.4357 39.8848 0.1599 0.9815 -0.5659 0.5728 0.593
53.4484 80.2418 46.9229 0.158 0.4962 -0.4375 0.6497 0.6217
42.3601 115.434 2.3452 0.5297 0.4962 -0.4833 0.8681 0.1129
42.3601 115.434 2.3452 0.5297 0.4962 -0.4833 0.8681 0.1129
-0.2437 80.6282 -4.6929 0.5316 0.9815 -0.639 0.764 0.0899
10.8446 45.4357 39.8848 0.1599 0.9815 -0.5659 0.5728 0.593
-0.2437 80.6282 -4.6929 0.5316 0.9815 -0.639 0.764 0.0899
42.3601 115.434 2.3452 0.5297 0.4962 -0.4833 0.8681 0.1129
56.8205 94.7625 -49.6357 0.8147 0.4962 -0.3956 0.8103 -0.4323
56.8205 94.7625 -49.6357 0.8147 0.4962 -0.3956 0.8103 -0.4323
14.2166 59.9565 -56.6738 0.8166 0.9815 -0.5248 0.7307 -0.4366
-0.2437 80.6282 -4.6929 0.5316 0.9815 -0.639 0.764 0.0899
53.4484 80.2418 46.9229 0.158 0.4962 -0.4375 0.6497 0.6217
104.341 96.9236 51.5591 0.1599 0.0205 -0.292 0.714 0.6363
93.2528 132.116 6.9814 0.5316 0.0205 -0.3196 0.9384 0.1318
93.2528 132.116 6.9814 0.5316 0.0205 -0.3196 0.9384 0.1318
42.3601 115.434 2.3452 0.5297 0.4962 -0.4833 0.8681 0.1129
53.4484 80.2418 46.9229 0.158 0.4962 -0.4375 0.6497 0.6217
42.3601 115.434 2.3452 0.5297 0.4962 -0.4833 0.8681 0.1129
93.2528 132.116 6.9814 0.5316 0.0205 -0.3196 0.9384 0.1318
107.713 111.444 -44.9995 0.8166 0.0205 -0.2486 0.8743 -0.4169
107.713 111.444 -44.9995 0.8166 0.0205 -0.2486 0.8743 -0.4169
56.8205 94.7625 -49.6357 0.8147 0.4962 -0.3956 0.8103 -0.4323
42.3601 115.434 2.3452 0.5297 0.4962 -0.4833 0.8681 0.1129
42.3601 115.434 2.3452 0.5297 0.4962 0.5248 -0.7307 0.4366
14.2166 59.9565 -56.6738 0.8166 0.9815 0.5248 -0.7307 0.4366
56.8205 94.7625 -49.6357 0.8147 0.4962 0.5248 -0.7307 0.4366
14.2166 59.9565 -56.6738 0.8166 0.9815 0.5248 -0.7307 0.4366
42.3601 115.434 2.3452 0.5297 0.4962 0.5248 -0.7307 0.4366
-0.2437 80.6282 -4.6929 0.5316 0.9815 0.5248 -0.7307 0.4366
53.4484 80.2418 46.9229 0.158 0.4962 0.5659 -0.5728 -0.593
-0.2437 80.6282 -4.6929 0.5316 0.9815 0.5659 -0.5728 -0.593
42.3601 115.434 2.3452 0.5297 0.4962 0.5659 -0.5728 -0.593
-0.2437 80.6282 -4.6929 0.5316 0.9815 0.5659 -0.5728 -0.593
53.4484 80.2418 46.9229 0.158 0.4962 0.5659 -0.5728 -0.593
10.8446 45.4357 39.8848 0.1599 0.9815 0.5659 -0.5728 -0.593
93.2528 132.116 6.9814 0.5316 0.0205 0.2486 -0.8743 0.4169
56.8205 94.7625 -49.6357 0.8147 0.4962 0.2486 -0.8743 0.4169
107.713 111.444 -44.9995 0.8166 0.0205 0.2486 -0.8743 0.4169
56.8205 94.7625 -49.6357 0.8147 0.4962 0.2486 -0.8743 0.4169
93.2528 132.116 6.9814 0.5316 0.0205 0.2486 -0.8743 0.4169
42.3601 115.434 2.3452 0.5297 0.4962 0.2486 -0.8743 0.4169
104.341 96.9236 51.5591 0.1599 0.0205 0.292 -0.714 -0.6363
42.3601 115.434 2.3452 0.5297 0.4962 0.292 -0.714 -0.6363
93.2528 132.116 6.9814 0.5316 0.0205 0.292 -0.714 -0.6363
42.3601 115.434 2.3452 0.5297 0.4962 0.292 -0.714 -0.6363
104.341 96.9236 51.5591 0.1599 0.0205 0.292 -0.714 -0.6363
53.4484 80.2418 46.9229 0.158 0.4962 0.292 -0.714 -0.6363
45.8362 45.3552 -3.9428 0.1599 0.9815 0.4301 0.4958 0.7545
63.4459 84.1371 -39.4668 0.158 0.4962 0.4905 0.5846 0.6463
17.5134 119.193 -36.3165 0.5297 0.4962 -0.0133 0.8108 0.5852
17.5134 119.193 -36.3165 0.5297 0.4962 -0.0133 0.8108 0.5852
-0.0962 80.4111 -0.7925 0.5316 0.9815 -0.075 0.6919 0.7181
45.8362 45.3552 -3.9428 0.1599 0.9815 0.4301 0.4958 0.7545
-0.0962 80.4111 -0.7925 0.5316 0.9815 -0.075 0.6919 0.7181
17.5134 119.193 -36.3165 0.5297 0.4962 -0.0133 0.8108 0.5852
-29.1029 101.511 -65.5178 0.8147 0.4962 -0.5185 0.7769 0.3573
-29.1029 101.511 -65.5178 0.8147 0.4962 -0.5185 0.7769 0.3573
-46.7125 62.7295 -29.9937 0.8166 0.9815 -0.5554 0.6846 0.4721
-0.0962 80.4111 -0.7925 0.5316 0.9815 -0.075 0.6919 0.7181
63.4459 84.1371 -39.4668 0.158 0.4962 0.4905 0.5846 0.6463
80.8336 105.809 -85.4868 0.1599 0.0205 0.5415 0.6631 0.5168
34.9012 140.865 -82.3365 0.5316 0.0205 0.0464 0.8968 0.4399
34.9012 140.865 -82.3365 0.5316 0.0205 0.0464 0.8968 0.4399
17.5134 119.193 -36.3165 0.5297 0.4962 -0.0133 0.8108 0.5852
63.4459 84.1371 -39.4668 0.158 0.4962 0.4905 0.5846 0.6463
17.5134 119.193 -36.3165 0.5297 0.4962 -0.0133 0.8108 0.5852
34.9012 140.865 -82.3365 0.5316 0.0205 0.0464 0.8968 0.4399
-11.7151 123.183 -111.538 0.8166 0.0205 -0.4663 0.8551 0.2265
-11.7151 123.183 -111.538 0.8166 0.0205 -0.4663 0.8551 0.2265
-29.1029 101.511 -65.5178 0.8147 0.4962 -0.5185 0.7769 0.3573
17.5134 119.193 -36.3165 0.5297 0.4962 -0.0133 0.8108 0.5852
17.5134 119.193 -36.3165 0.5297 0.4962 0.5554 -0.6846 -0.4721
-46.7125 62.7295 -29.9937 0.8166 0.9815 0.5554 -0.6846 -0.4721
-29.1029 101.511 -65.5178 0.8147 0.4962 0.5554 -0.6846 -0.4721
-46.7125 62.7295 -29.9937 0.8166 0.9815 0.5554 -0.6846 -0.4721
17.5134 119.193 -36.3165 0.5297 0.4962 0.5554 -0.6846 -0.4721
-0.0962 80.4111 -0.7925 0.5316 0.9815 0.5554 -0.6846 -0.4721
63.4459 84.1371 -39.4668 0.158 0.4962 -0.4301 -0.4958 -0.7545
-0.0962 80.4111 -0.7925 0.5316 0.9815 -0.4301 -0.4958 -0.7545
17.5134 119.193 -36.3165 0.5297 0.4962 -0.4301 -0.4958 -0.7545
-0.0962 80.4111 -0.7925 0.5316 0.9815 -0.4301 -0.4958 -0.7545
63.4459 84.1371 -39.4668 0.158 0.4962 -0.4301 -0.4958 -0.7545
45.8362 45.3552 -3.9428 0.1599 0.9815 -0.4301 -0.4958 -0.7545
34.9012 140.865 -82.3365 0.5316 0.0205 0.4663 -0.8551 -0.2265
-29.1029 101.511 -65.5178 0.8147 0.4962 0.4663 -0.8551 -0.2265
-11.7151 123.183 -111.538 0.8166 0.0205 0.4663 -0.8551 -0.2265
-29.1029 101.511 -65.5178 0.8147 0.4962 0.4663 -0.8551 -0.2265
34.9012 140.865 -82.3365 0.5316 0.0205 0.4663 -0.8551 -0.2265
17.5134 119.193 -36.3165 0.5297 0.4962 0.4663 -0.8551 -0.2265
80.8336 105.809 -85.4868 0.1599 0.0205 -0.5415 -0.6631 -0.5168
17.5134 119.193 -36.3165 0.5297 0.4962 -0.5415 -0.6631 -0.5168
34.9012 140.865 -82.3365 0.5316 0.0205 -0.5415 -0.6631 -0.5168
17.5134 119.193 -36.3165 0.5297 0.4962 -0.5415 -0.6631 -0.5168
80.8336 105.809 -85.4868 0.1599 0.0205 -0.5415 -0.6631 -0.5168
63.4459 84.1371 -39.4668 0.158 0.4962 -0.5415 -0.6631 -0.5168
-13.0439 15.0809 -40.3507 0.1599 0.9815 0.511 0.4773 -0.7149
-54.6321 51.3608 -45.854 0.158 0.4962 0.3835 0.5581 -0.7359
-36.474 90.1696 -6.9594 0.5297 0.4962 0.5027 0.8236 -0.2626
-36.474 90.1696 -6.9594 0.5297 0.4962 0.5027 0.8236 -0.2626
5.1142 53.8898 -1.4561 0.5316 0.9815 0.6553 0.7136 -0.2476
-13.0439 15.0809 -40.3507 0.1599 0.9815 0.511 0.4773 -0.7149
5.1142 53.8898 -1.4561 0.5316 0.9815 0.6553 0.7136 -0.2476
-36.474 90.1696 -6.9594 0.5297 0.4962 0.5027 0.8236 -0.2626
-45.1435 75.6784 48.297 0.8147 0.4962 0.4821 0.8259 0.2922
-45.1435 75.6784 48.297 0.8147 0.4962 0.4821 0.8259 0.2922
-3.5554 39.3986 53.8003 0.8166 0.9815 0.6072 0.74 0.2893
5.1142 53.8898 -1.4561 0.5316 0.9815 0.6553 0.7136 -0.2476
-54.6321 51.3608 -45.854 0.158 0.4962 0.3835 0.5581 -0.7359
-104.924 70.3482 -46.0489 0.1599 0.0205 0.2403 0.6288 -0.7395
-86.766 109.157 -7.1543 0.5316 0.0205 0.3411 0.9007 -0.2689
-86.766 109.157 -7.1543 0.5316 0.0205 0.3411 0.9007 -0.2689
-36.474 90.1696 -6.9594 0.5297 0.4962 0.5027 0.8236 -0.2626
-54.6321 51.3608 -45.854 0.158 0.4962 0.3835 0.5581 -0.7359
-36.474 90.1696 -6.9594 0.5297 0.4962 0.5027 0.8236 -0.2626
-86.766 109.157 -7.1543 0.5316 0.0205 0.3411 0.9007 -0.2689
-95.4356 94.6659 48.1021 0.8166 0.0205 0.3373 0.8963 0.288
-95.4356 94.6659 48.1021 0.8166 0.0205 0.3373 0.8963 0.288
-45.1435 75.6784 48.297 0.8147 0.4962 0.4821 0.8259 0.2922
-36.474 90.1696 -6.9594 0.5297 0.4962 0.5027 0.8236 -0.2626
-36.474 90.1696 -6.9594 0.5297 0.4962 -0.6072 -0.74 -0.2893
-3.5554 39.3986 53.8003 0.8166 0.9815 -0.6072 -0.74 -0.2893
-45.1435 75.6784 48.297 0.8147 0.4962 -0.6072 -0.74 -0.2893
-3.5554 39.3986 53.8003 0.8166 0.9815 -0.6072 -0.74 -0.2893
-36.474 90.1696 -6.9594 0.5297 0.4962 -0.6072 -0.74 -0.2893
5.1142 53.8898 -1.4561 0.5316 0.9815 -0.6072 -0.74 -0.2893
-54.6321 51.3608 -45.854 0.158 0.4962 -0.511 -0.4773 0.7149
5.1142 53.8898 -1.4561 0.5316 0.9815 -0.511 -0.4773 0.7149
-36.474 90.1696 -6.9594 0.5297 0.4962 -0.511 -0.4773 0.7149
5.1142 53.8898 -1.4561 0.5316 0.9815 -0.511 -0.4773 0.7149
-54.6321 51.3608 -45.854 0.158 0.4962 -0.511 -0.4773 0.7149
-13.0439 15.0809 -40.3507 0.1599 0.9815 -0.511 -0.4773 0.7149
-86.766 109.157 -7.1543 0.5316 0.0205 -0.3373 -0.8963 -0.288
-45.1435 75.6784 48.297 0.8147 0.4962 -0.3373 -0.8963 -0.288
-95.4356 94.6659 48.1021 0.8166 0.0205 -0.3373 -0.8963 -0.288
-45.1435 75.6784 48.297 0.8147 0.4962 -0.3373 -0.8963 -0.288
-86.766 109.157 -7.1543 0.5316 0.0205 -0.3373 -0.8963 -0.288
-36.474 90.1696 -6.9594 0.5297 0.4962 -0.3373 -0.8963 -0.288
-104.924 70.3482 -46.0489 0.1599 0.0205 -0.2403 -0.6288 0.7395
-36.474 90.1696 -6.9594 0.5297 0.4962 -0.2403 -0.6288 0.7395
-86.766 109.157 -7.1543 0.5316 0.0205 -0.2403 -0.6288 0.7395
-36.474 90.1696 -6.9594 0.5297 0.4962 -0.2403 -0.6288 0.7395
-104.924 70.3482 -46.0489 0.1599 0.0205 -0.2403 -0.6288 0.7395
-54.6321 51.3608 -45.854 0.158 0.4962 -0.2403 -0.6288 0.7395
-16.1494 25.7828 31.1307 0.1599 0.9815 -0.78 0.593 0.1996
15.3563 55.5884 65.701 0.158 0.4962 -0.6909 0.6546 0.3068
34.8919 94.21 27.2905 0.5297 0.4962 -0.4122 0.9052 -0.1034
34.8919 94.21 27.2905 0.5297 0.4962 -0.4122 0.9052 -0.1034
3.3862 64.4044 -7.2798 0.5316 0.9815 -0.5278 0.819 -0.2251
-16.1494 25.7828 31.1307 0.1599 0.9815 -0.78 0.593 0.1996
3.3862 64.4044 -7.2798 0.5316 0.9815 -0.5278 0.819 -0.2251
34.8919 94.21 27.2905 0.5297 0.4962 -0.4122 0.9052 -0.1034
76.5981 75.1581 -7.8671 0.8147 0.4962 -0.0183 0.8698 -0.493
76.5981 75.1581 -7.8671 0.8147 0.4962 -0.0183 0.8698 -0.493
45.0923 45.3525 -42.4374 0.8166 0.9815 -0.1228 0.8042 -0.5815
3.3862 64.4044 -7.2798 0.5316 0.9815 -0.5278 0.819 -0.2251
15.3563 55.5884 65.701 0.158 0.4962 -0.6909 0.6546 0.3068
54.0549 66.6827 101.327 0.1599 0.0205 -0.5803 0.7028 0.4115
73.5905 105.304 62.9161 0.5316 0.0205 -0.2893 0.9571 0.0162
73.5905 105.304 62.9161 0.5316 0.0205 -0.2893 0.9571 0.0162
34.8919 94.21 27.2905 0.5297 0.4962 -0.4122 0.9052 -0.1034
15.3563 55.5884 65.701 0.158 0.4962 -0.6909 0.6546 0.3068
34.8919 94.21 27.2905 0.5297 0.4962 -0.4122 0.9052 -0.1034
73.5905 105.304 62.9161 0.5316 0.0205 -0.2893 0.9571 0.0162
115.297 86.2525 27.7585 0.8166 0.0205 0.0931 0.9175 -0.3868
115.297 86.2525 27.7585 0.8166 0.0205 0.0931 0.9175 -0.3868
76.5981 75.1581 -7.8671 0.8147 0.4962 -0.0183 0.8698 -0.493
34.8919 94.21 27.2905 0.5297 0.4962 -0.4122 0.9052 -0.1034
34.8919 94.21 27.2905 0.5297 0.4962 0.1228 -0.8042 0.5815
45.0923 45.3525 -42.4374 0.8166 0.9815 0.1228 -0.8042 0.5815
76.5981 75.1581 -7.8671 0.8147 0.4962 0.1228 -0.8042 0.5815
45.0923 45.3525 -42.4374 0.8166 0.9815 0.1228 -0.8042 0.5815
34.8919 94.21 27.2905 0.5297 0.4962 0.1228 -0.8042 0.5815
3.3862 64.4044 -7.2798 0.5316 0.9815 0.1228 -0.8042 0.5815
15.3563 55.5884 65.701 0.158 0.4962 0.78 -0.593 -0.1996
3.3862 64.4044 -7.2798 0.5316 0.9815 0.78 -0.593 -0.1996
34.8919 94.21 27.2905 0.5297 0.4962 0.78 -0.593 -0.1996
3.3862 64.4044 -7.2798 0.5316 0.9815 0.78 -0.593 -0.1996
15.3563 55.5884 65.701 0.158 0.4962 0.78 -0.593 -0.1996
-16.1494 25.7828 31.1307 0.1599 0.9815 0.78 -0.593 -0.1996
73.5905 105.304 62.9161 0.5316 0.0205 -0.0931 -0.9175 0.3868
76.5981 75.1581 -7.8671 0.8147 0.4962 -0.0931 -0.9175 0.3868
115.297 86.2525 27.7585 0.8166 0.0205 -0.0931 -0.9175 0.3868
76.5981 75.1581 -7.8671 0.8147 0.4962 -0.0931 -0.9175 0.3868
73.5905 105.304 62.9161 0.5316 0.0205 -0.0931 -0.9175 0.3868
34.8919 94.21 27.2905 0.5297 0.4962 -0.0931 -0.9175 0.3868
54.0549 66.6827 101.327 0.1599 0.0205 0.5803 -0.7028 -0.4115
34.8919 94.21 27.2905 0.5297 0.4962 0.5803 -0.7028 -0.4115
73.5905 105.304 62.9161 0.5316 0.0205 0.5803 -0.7028 -0.4115
34.8919 94.21 27.2905 0.5297 0.4962 0.5803 -0.7028 -0.4115
54.0549 66.6827 101.327 0.1599 0.0205 0.5803 -0.7028 -0.4115
15.3563 55.5884 65.701 0.158 0.4962 0.5803 -0.7028 -0.4115
36.6298 18.5834 23.9205 0.1599 0.9815 -0.1464 0.4958 0.856
72.7836 57.3652 7.6429 0.158 0.4962 -0.0311 0.5846 0.8107
35.2872 92.4211 -19.073 0.5297 0.4962 -0.3817 0.8108 0.4438
35.2872 92.4211 -19.073 0.5297 0.4962 -0.3817 0.8108 0.4438
-0.8666 53.6393 -2.7955 0.5316 0.9815 -0.5137 0.6919 0.5073
36.6298 18.5834 23.9205 0.1599 0.9815 -0.1464 0.4958 0.856
-0.8666 53.6393 -2.7955 0.5316 0.9815 -0.5137 0.6919 0.5073
35.2872 92.4211 -19.073 0.5297 0.4962 -0.3817 0.8108 0.4438
17.794 74.7395 -71.2245 0.8147 0.4962 -0.6275 0.7769 -0.0529
17.794 74.7395 -71.2245 0.8147 0.4962 -0.6275 0.7769 -0.0529
-18.3598 35.9577 -54.947 0.8166 0.9815 -0.7288 0.6846 0.0124
-0.8666 53.6393 -2.7955 0.5316 0.9815 -0.5137 0.6919 0.5073
72.7836 57.3652 7.6429 0.158 0.4962 -0.0311 0.5846 0.8107
115.427 79.0372 -16.8867 0.1599 0.0205 0.0905 0.6631 0.7431
77.9307 114.093 -43.6027 0.5316 0.0205 -0.2433 0.8968 0.3694
77.9307 114.093 -43.6027 0.5316 0.0205 -0.2433 0.8968 0.3694
35.2872 92.4211 -19.073 0.5297 0.4962 -0.3817 0.8108 0.4438
72.7836 57.3652 7.6429 0.158 0.4962 -0.0311 0.5846 0.8107
35.2872 92.4211 -19.073 0.5297 0.4962 -0.3817 0.8108 0.4438
77.9307 114.093 -43.6027 0.5316 0.0205 -0.2433 0.8968 0.3694
60.4375 96.4115 -95.7541 0.8166 0.0205 -0.5041 0.8551 -0.1208
60.4375 96.4115 -95.7541 0.8166 0.0205 -0.5041 0.8551 -0.1208
17.794 74.7395 -71.2245 0.8147 0.4962 -0.6275 0.7769 -0.0529
35.2872 92.4211 -19.073 0.5297 0.4962 -0.3817 0.8108 0.4438
35.2872 92.4211 -19.073 0.5297 0.4962 0.7288 -0.6846 -0.0124
-18.3598 35.9577 -54.947 0.8166 0.9815 0.7288 -0.6846 -0.0124
17.794 74.7395 -71.2245 0.8147 0.4962 0.7288 -0.6846 -0.0124
-18.3598 35.9577 -54.947 0.8166 0.9815 0.7288 -0.6846 -0.0124
35.2872 92.4211 -19.073 0.5297 0.4962 0.7288 -0.6846 -0.0124
-0.8666 53.6393 -2.7955 0.5316 0.9815 0.7288 -0.6846 -0.0124
72.7836 57.3652 7.6429 0.158 0.4962 0.1464 -0.4958 -0.856
-0.8666 53.6393 -2.7955 0.5316 0.9815 0.1464 -0.4958 -0.856
35.2872 92.4211 -19.073 0.5297 0.4962 0.1464 -0.4958 -0.856
-0.8666 53.6393 -2.7955 0.5316 0.9815 0.1464 -0.4958 -0.856
72.7836 57.3652 7.6429 0.158 0.4962 0.1464 -0.4958 -0.856
36.6298 18.5834 23.9205 0.1599 0.9815 0.1464 -0.4958 -0.856
77.9307 114.093 -43.6027 0.5316 0.0205 0.5041 -0.8551 0.1208
17.794 74.7395 -71.2245 0.8147 0.4962 0.5041 -0.8551 0.1208
60.4375 96.4115 -95.7541 0.8166 0.0205 0.5041 -0.8551 0.1208
17.794 74.7395 -71.2245 0.8147 0.4962 0.5041 -0.8551 0.1208
77.9307 114.093 -43.6027 0.5316 0.0205 0.5041 -0.8551 0.1208
35.2872 92.4211 -19.073 0.5297 0.4962 0.5041 -0.8551 0.1208
115.427 79.0372 -16.8867 0.1599 0.0205 -0.0905 -0.6631 -0.7431
35.2872 92.4211 -19.073 0.5297 0.4962 -0.0905 -0.6631 -0.7431
77.9307 114.093 -43.6027 0.5316 0.0205 -0.0905 -0.6631 -0.7431
35.2872 92.4211 -19.073 0.5297 0.4962 -0.0905 -0.6631 -0.7431
115.427 79.0372 -16.8867 0.1599 0.0205 -0.0905 -0.6631 -0.7431
72.7836 57.3652 7.6429 0.158 0.4962 -0.0905 -0.6631 -0.7431
46.4203 8.2103 4.6456 0.1599 0.9815 0.401 0.5728 0.7149
65.639 43.0164 -34.023 0.158 0.4962 0.4661 0.6497 0.6005
19.7693 78.2089 -36.4906 0.5297 0.4962 -0.0337 0.8681 0.4952
19.7693 78.2089 -36.4906 0.5297 0.4962 -0.0337 0.8681 0.4952
0.5505 43.4028 2.178 0.5316 0.9815 -0.1014 0.764 0.6373
46.4203 8.2103 4.6456 0.1599 0.9815 0.401 0.5728 0.7149
0.5505 43.4028 2.178 0.5316 0.9815 -0.1014 0.764 0.6373
19.7693 78.2089 -36.4906 0.5297 0.4962 -0.0337 0.8681 0.4952
-25.6884 57.5372 -65.5546 0.8147 0.4962 -0.5293 0.8103 0.2515
-25.6884 57.5372 -65.5546 0.8147 0.4962 -0.5293 0.8103 0.2515
-44.9071 22.7311 -26.886 0.8166 0.9815 -0.5713 0.7307 0.3738
0.5505 43.4028 2.178 0.5316 0.9815 -0.1014 0.764 0.6373
65.639 43.0164 -34.023 0.158 0.4962 0.4661 0.6497 0.6005
84.9915 59.6983 -81.3204 0.1599 0.0205 0.5228 0.714 0.4657
39.1218 94.8907 -83.788 0.5316 0.0205 0.0323 0.9384 0.3442
39.1218 94.8907 -83.788 0.5316 0.0205 0.0323 0.9384 0.3442
19.7693 78.2089 -36.4906 0.5297 0.4962 -0.0337 0.8681 0.4952
65.639 43.0164 -34.023 0.158 0.4962 0.4661 0.6497 0.6005
19.7693 78.2089 -36.4906 0.5297 0.4962 -0.0337 0.8681 0.4952
39.1218 94.8907 -83.788 0.5316 0.0205 0.0323 0.9384 0.3442
-6.3359 74.219 -112.852 0.8166 0.0205 -0.4714 0.8743 0.1155
-6.3359 74.219 -112.852 0.8166 0.0205 -0.4714 0.8743 0.1155
-25.6884 57.5372 -65.5546 0.8147 0.4962 -0.5293 0.8103 0.2515
19.7693 78.2089 -36.4906 0.5297 0.4962 -0.0337 0.8681 0.4952
19.7693 78.2089 -36.4906 0.5297 0.4962 0.5713 -0.7307 -0.3738
-44.9071 22.7311 -26.886 0.8166 0.9815 0.5713 -0.7307 -0.3738
-25.6884 57.5372 -65.5546 0.8147 0.4962 0.5713 -0.7307 -0.3738
-44.9071 22.7311 -26.886 0.8166 0.9815 0.5713 -0.7307 -0.3738
19.7693 78.2089 -36.4906 0.5297 0.4962 0.5713 -0.7307 -0.3738
0.5505 43.4028 2.178 0.5316 0.9815 0.5713 -0.7307 -0.3738
65.639 43.0164 -34.023 0.158 0.4962 -0.401 -0.5728 -0.7149
0.5505 43.4028 2.178 0.5316 0.9815 -0.401 -0.5728 -0.7149
19.7693 78.2089 -36.4906 0.5297 0.4962 -0.401 -0.5728 -0.7149
0.5505 43.4028 2.178 0.5316 0.9815 -0.401 -0.5728 -0.7149
65.639 43.0164 -34.023 0.158 0.4962 -0.401 -0.5728 -0.7149
46.4203 8.2103 4.6456 0.1599 0.9815 -0.401 -0.5728 -0.7149
39.1218 94.8907 -83.788 0.5316 0.0205 0.4714 -0.8743 -0.1155
-25.6884 57.5372 -65.5546 0.8147 0.4962 0.4714 -0.8743 -0.1155
-6.3359 74.219 -112.852 0.8166 0.0205 0.4714 -0.8743 -0.1155
-25.6884 57.5372 -65.5546 0.8147 0.4962 0.4714 -0.8743 -0.1155
39.1218 94.8907 -83.788 0.5316 0.0205 0.4714 -0.8743 -0.1155
19.7693 78.2089 -36.4906 0.5297 0.4962 0.4714 -0.8743 -0.1155
84.9915 59.6983 -81.3204 0.1599 0.0205 -0.5228 -0.714 -0.4657
19.7693 78.2089 -36.4906 0.5297 0.4962 -0.5228 -0.714 -0.4657
39.1218 94.8907 -83.788 0.5316 0.0205 -0.5228 -0.714 -0.4657
19.7693 78.2089 -36.4906 0.5297 0.4962 -0.5228 -0.714 -0.4657
84.9915 59.6983 -81.3204 0.1599 0.0205 -0.5228 -0.714 -0.4657
65.639 43.0164 -34.023 0.158 0.4962 -0.5228 -0.714 -0.4657
-31.5371 21.1901 -27.5017 0.1599 0.9815 0.2178 0.6053 -0.7657
-59.2089 59.43 -5.1454 0.158 0.4962 0.12 0.6986 -0.7054
-21.681 80.8935 22.498 0.5297 0.4962 0.5241 0.8025 -0.2852
-21.681 80.8935 22.498 0.5297 0.4962 0.5241 0.8025 -0.2852
5.9909 42.6536 0.1418 0.5316 0.9815 0.6349 0.677 -0.3722
-31.5371 21.1901 -27.5017 0.1599 0.9815 0.2178 0.6053 -0.7657
5.9909 42.6536 0.1418 0.5316 0.9815 0.6349 0.677 -0.3722
-21.681 80.8935 22.498 0.5297 0.4962 0.5241 0.8025 -0.2852
-11.6704 53.1283 64.4751 0.8147 0.4962 0.756 0.6143 0.226
-11.6704 53.1283 64.4751 0.8147 0.4962 0.756 0.6143 0.226
16.0015 14.8884 42.1188 0.8166 0.9815 0.84 0.5228 0.1455
5.9909 42.6536 0.1418 0.5316 0.9815 0.6349 0.677 -0.3722
-59.2089 59.43 -5.1454 0.158 0.4962 0.12 0.6986 -0.7054
-95.8083 81.6984 21.8611 0.1599 0.0205 0.0138 0.7806 -0.6249
-58.2803 103.162 49.5046 0.5316 0.0205 0.4019 0.895 -0.1934
-58.2803 103.162 49.5046 0.5316 0.0205 0.4019 0.895 -0.1934
-21.681 80.8935 22.498 0.5297 0.4962 0.5241 0.8025 -0.2852
-59.2089 59.43 -5.1454 0.158 0.4962 0.12 0.6986 -0.7054
-21.681 80.8935 22.498 0.5297 0.4962 0.5241 0.8025 -0.2852
-58.2803 103.162 49.5046 0.5316 0.0205 0.4019 0.895 -0.1934
-48.2697 75.3967 91.4816 0.8166 0.0205 0.6493 0.6964 0.3058
-48.2697 75.3967 91.4816 0.8166 0.0205 0.6493 0.6964 0.3058
-11.6704 53.1283 64.4751 0.8147 0.4962 0.756 0.6143 0.226
-21.681 80.8935 22.498 0.5297 0.4962 0.5241 0.8025 -0.2852
-21.681 80.8935 22.498 0.5297 0.4962 -0.84 -0.5228 -0.1455
16.0015 14.8884 42.1188 0.8166 0.9815 -0.84 -0.5228 -0.1455
-11.6704 53.1283 64.4751 0.8147 0.4962 -0.84 -0.5228 -0.1455
16.0015 14.8884 42.1188 0.8166 0.9815 -0.84 -0.5228 -0.1455
-21.681 80.8935 22.498 0.5297 0.4962 -0.84 -0.5228 -0.1455
5.9909 42.6536 0.1418 0.5316 0.9815 -0.84 -0.5228 -0.1455
-59.2089 59.43 -5.1454 0.158 0.4962 -0.2178 -0.6053 0.7657
5.9909 42.6536 0.1418 0.5316 0.9815 -0.2178 -0.6053 0.7657
-21.681 80.8935 22.498 0.5297 0.4962 -0.2178 -0.6053 0.7657
5.9909 42.6536 0.1418 0.5316 0.9815 -0.2178 -0.6053 0.7657
-59.2089 59.43 -5.1454 0.158 0.4962 -0.2178 -0.6053 0.7657
-31.5371 21.1901 -27.5017 0.1599 0.9815 -0.2178 -0.6053 0.7657
-58.2803 103.162 49.5046 0.5316 0.0205 -0.6493 -0.6964 -0.3058
-11.6704 53.1283 64.4751 0.8147 0.4962 -0.6493 -0.6964 -0.3058
-48.2697 75.3967 91.4816 0.8166 0.0205 -0.6493 -0.6964 -0.3058
-11.6704 53.1283 64.4751 0.8147 0.4962 -0.6493 -0.6964 -0.3058
-58.2803 103.162 49.5046 0.5316 0.0205 -0.6493 -0.6964 -0.3058
-21.681 80.8935 22.498 0.5297 0.4962 -0.6493 -0.6964 -0.3058
-95.8083 81.6984 21.8611 0.1599 0.0205 -0.0138 -0.7806 0.6249
-21.681 80.8935 22.498 0.5297 0.4962 -0.0138 -0.7806 0.6249
-58.2803 103.162 49.5046 0.5316 0.0205 -0.0138 -0.7806 0.6249
-21.681 80.8935 22.498 0.5297 0.4962 -0.0138 -0.7806 0.6249
-95.8083 81.6984 21.8611 0.1599 0.0205 -0.0138 -0.7806 0.6249
-59.2089 59.43 -5.1454 0.158 0.4962 -0.0138 -0.7806 0.6249
-39.7121 -20.9167 3.9622 0.1599 0.9815 -0.5128 0.4996 -0.6981
-55.6063 16.0729 42.1097 0.158 0.4962 -0.5668 0.5827 -0.5823
-11.4846 53.0379 36.1519 0.5297 0.4962 -0.0686 0.8273 -0.5576
-11.4846 53.0379 36.1519 0.5297 0.4962 -0.0686 0.8273 -0.5576
4.4096 16.0482 -1.9956 0.5316 0.9815 -0.0142 0.7149 -0.6991
-39.7121 -20.9167 3.9622 0.1599 0.9815 -0.5128 0.4996 -0.6981
4.4096 16.0482 -1.9956 0.5316 0.9815 -0.0142 0.7149 -0.6991
-11.4846 53.0379 36.1519 0.5297 0.4962 -0.0686 0.8273 -0.5576
38.1402 36.42 60.6398 0.8147 0.4962 0.4555 0.8073 -0.3753
38.1402 36.42 60.6398 0.8147 0.4962 0.4555 0.8073 -0.3753
54.0344 -0.5696 22.4924 0.8166 0.9815 0.4857 0.72 -0.4957
4.4096 16.0482 -1.9956 0.5316 0.9815 -0.0142 0.7149 -0.6991
-55.6063 16.0729 42.1097 0.158 0.4962 -0.5668 0.5827 -0.5823
-69.7151 35.6785 90.1348 0.1599 0.0205 -0.6093 0.6553 -0.4465
-25.5933 72.6434 84.177 0.5316 0.0205 -0.1186 0.9066 -0.405
-25.5933 72.6434 84.177 0.5316 0.0205 -0.1186 0.9066 -0.405
-11.4846 53.0379 36.1519 0.5297 0.4962 -0.0686 0.8273 -0.5576
-55.6063 16.0729 42.1097 0.158 0.4962 -0.5668 0.5827 -0.5823
-11.4846 53.0379 36.1519 0.5297 0.4962 -0.0686 0.8273 -0.5576
-25.5933 72.6434 84.177 0.5316 0.0205 -0.1186 0.9066 -0.405
24.0315 56.0256 108.665 0.8166 0.0205 0.412 0.8795 -0.238
24.0315 56.0256 108.665 0.8166 0.0205 0.412 0.8795 -0.238
38.1402 36.42 60.6398 0.8147 0.4962 0.4555 0.8073 -0.3753
-11.4846 53.0379 36.1519 0.5297 0.4962 -0.0686 0.8273 -0.5576
-12.2378 52.9443 36.1519 0.5297 0.4962 -0.4546 -0.74 0.4957
55.5028 2.1732 22.4924 0.8166 0.9815 -0.4546 -0.74 0.4957
38.0491 38.453 60.6398 0.8147 0.4962 -0.4546 -0.74 0.4957
55.5028 2.1732 22.4924 0.8166 0.9815 -0.4546 -0.74 0.4957
-12.2378 52.9443 36.1519 0.5297 0.4962 -0.4546 -0.74 0.4957
5.2159 16.6644 -1.9956 0.5316 0.9815 -0.4546 -0.74 0.4957
-54.7467 14.1354 42.1097 0.158 0.4962 0.5336 -0.4773 0.6981
5.2159 16.6644 -1.9956 0.5316 0.9815 0.5336 -0.4773 0.6981
-12.2378 52.9443 36.1519 0.5297 0.4962 0.5336 -0.4773 0.6981
5.2159 16.6644 -1.9956 0.5316 0.9815 0.5336 -0.4773 0.6981
-54.7467 14.1354 42.1097 0.158 0.4962 0.5336 -0.4773 0.6981
-37.2931 -22.1444 3.9622 0.1599 0.9815 0.5336 -0.4773 0.6981
-27.168 71.9317 84.177 0.5316 0.0205 -0.3742 -0.8963 0.238
38.0491 38.453 60.6398 0.8147 0.4962 -0.3742 -0.8963 0.238
23.1189 57.4405 108.665 0.8166 0.0205 -0.3742 -0.8963 0.238
38.0491 38.453 60.6398 0.8147 0.4962 -0.3742 -0.8963 0.238
-27.168 71.9317 84.177 0.5316 0.0205 -0.3742 -0.8963 0.238
-12.2378 52.9443 36.1519 0.5297 0.4962 -0.3742 -0.8963 0.238
-69.6769 33.1229 90.1348 0.1599 0.0205 0.6366 -0.6288 0.4465
-12.2378 52.9443 36.1519 0.5297 0.4962 0.6366 -0.6288 0.4465
-27.168 71.9317 84.177 0.5316 0.0205 0.6366 -0.6288 0.4465
-12.2378 52.9443 36.1519 0.5297 0.4962 0.6366 -0.6288 0.4465
-69.6769 33.1229 90.1348 0.1599 0.0205 0.6366 -0.6288 0.4465
-54.7467 14.1354 42.1097 0.158 0.4962 0.6366 -0.6288 0.4465
14.7766 8.1299 -41.6573 0.1599 0.9815 0.8474 0.4958 -0.19
-14.024 46.9117 -68.9077 0.158 0.4962 0.7617 0.5846 -0.2795
-24.4779 81.9676 -24.0698 0.5297 0.4962 0.5556 0.8108 0.1843
-24.4779 81.9676 -24.0698 0.5297 0.4962 0.5556 0.8108 0.1843
4.3228 43.1858 3.1805 0.5316 0.9815 0.6646 0.6919 0.2823
14.7766 8.1299 -41.6573 0.1599 0.9815 0.8474 0.4958 -0.19
4.3228 43.1858 3.1805 0.5316 0.9815 0.6646 0.6919 0.2823
-24.4779 81.9676 -24.0698 0.5297 0.4962 0.5556 0.8108 0.1843
-66.0623 64.2859 11.9374 0.8147 0.4962 0.1896 0.7769 0.6005
-66.0623 64.2859 11.9374 0.8147 0.4962 0.1896 0.7769 0.6005
-37.2616 25.5041 39.1878 0.8166 0.9815 0.2885 0.6846 0.6694
4.3228 43.1858 3.1805 0.5316 0.9815 0.6646 0.6919 0.2823
-14.024 46.9117 -68.9077 0.158 0.4962 0.7617 0.5846 -0.2795
-52.9245 68.5837 -99.0229 0.1599 0.0205 0.6529 0.6631 -0.3662
-63.3783 103.64 -54.1851 0.5316 0.0205 0.4342 0.8968 0.0846
-63.3783 103.64 -54.1851 0.5316 0.0205 0.4342 0.8968 0.0846
-24.4779 81.9676 -24.0698 0.5297 0.4962 0.5556 0.8108 0.1843
-14.024 46.9117 -68.9077 0.158 0.4962 0.7617 0.5846 -0.2795
-24.4779 81.9676 -24.0698 0.5297 0.4962 0.5556 0.8108 0.1843
-63.3783 103.64 -54.1851 0.5316 0.0205 0.4342 0.8968 0.0846
-104.963 85.9579 -18.1778 0.8166 0.0205 0.0799 0.8551 0.5122
-104.963 85.9579 -18.1778 0.8166 0.0205 0.0799 0.8551 0.5122
-66.0623 64.2859 11.9374 0.8147 0.4962 0.1896 0.7769 0.6005
-24.4779 81.9676 -24.0698 0.5297 0.4962 0.5556 0.8108 0.1843
-24.4779 81.9676 -24.0698 0.5297 0.4962 -0.2885 -0.6846 -0.6694
-37.2616 25.5041 39.1878 0.8166 0.9815 -0.2885 -0.6846 -0.6694
-66.0623 64.2859 11.9374 0.8147 0.4962 -0.2885 -0.6846 -0.6694
-37.2616 25.5041 39.1878 0.8166 0.9815 -0.2885 -0.6846 -0.6694
-24.4779 81.9676 -24.0698 0.5297 0.4962 -0.2885 -0.6846 -0.6694
4.3228 43.1858 3.1805 0.5316 0.9815 -0.2885 -0.6846 -0.6694
-14.024 46.9117 -68.9077 0.158 0.4962 -0.8474 -0.4958 0.19
4.3228 43.1858 3.1805 0.5316 0.9815 -0.8474 -0.4958 0.19
-24.4779 81.9676 -24.0698 0.5297 0.4962 -0.8474 -0.4958 0.19
4.3228 43.1858 3.1805 0.5316 0.9815 -0.8474 -0.4958 0.19
-14.024 46.9117 -68.9077 0.158 0.4962 -0.8474 -0.4958 0.19
14.7766 8.1299 -41.6573 0.1599 0.9815 -0.8474 -0.4958 0.19
-63.3783 103.64 -54.1851 0.5316 0.0205 -0.0799 -0.8551 -0.5122
-66.0623 64.2859 11.9374 0.8147 0.4962 -0.0799 -0.8551 -0.5122
-104.963 85.9579 -18.1778 0.8166 0.0205 -0.0799 -0.8551 -0.5122
-66.0623 64.2859 11.9374 0.8147 0.4962 -0.0799 -0.8551 -0.5122
-63.3783 103.64 -54.1851 0.5316 0.0205 -0.0799 -0.8551 -0.5122
-24.4779 81.9676 -24.0698 0.5297 0.4962 -0.0799 -0.8551 -0.5122
-52.9245 68.5837 -99.0229 0.1599 0.0205 -0.6529 -0.6631 0.3662
-24.4779 81.9676 -24.0698 0.5297 0.4962 -0.6529 -0.6631 0.3662
-63.3783 103.64 -54.1851 0.5316 0.0205 -0.6529 -0.6631 0.3662
-24.4779 81.9676 -24.0698 0.5297 0.4962 -0.6529 -0.6631 0.3662
-52.9245 68.5837 -99.0229 0.1599 0.0205 -0.6529 -0.6631 0.3662
-14.024 46.9117 -68.9077 0.158 0.4962 -0.6529 -0.6631 0.3662
-28.6628 10.0782 27.4688 0.1599 0.9815 -0.6894 0.7173 0.1005
6.0925 38.0001 66.5746 0.158 0.4962 -0.6057 0.7669 0.2121
35.7183 71.6834 29.3917 0.5297 0.4962 -0.2228 0.9544 -0.1987
35.7183 71.6834 29.3917 0.5297 0.4962 -0.2228 0.9544 -0.1987
0.9631 43.7615 -9.7142 0.5316 0.9815 -0.3388 0.8817 -0.3284
-28.6628 10.0782 27.4688 0.1599 0.9815 -0.6894 0.7173 0.1005
0.9631 43.7615 -9.7142 0.5316 0.9815 -0.3388 0.8817 -0.3284
35.7183 71.6834 29.3917 0.5297 0.4962 -0.2228 0.9544 -0.1987
76.7411 40.9749 1.6617 0.8147 0.4962 0.2267 0.8019 -0.5527
76.7411 40.9749 1.6617 0.8147 0.4962 0.2267 0.8019 -0.5527
41.9859 13.053 -37.4441 0.8166 0.9815 0.1249 0.7516 -0.6477
0.9631 43.7615 -9.7142 0.5316 0.9815 -0.3388 0.8817 -0.3284
6.0925 38.0001 66.5746 0.158 0.4962 -0.6057 0.7669 0.2121
44.5453 45.0312 108.747 0.1599 0.0205 -0.5028 0.801 0.3249
74.1711 78.7145 71.5644 0.5316 0.0205 -0.1054 0.992 -0.0693
74.1711 78.7145 71.5644 0.5316 0.0205 -0.1054 0.992 -0.0693
35.7183 71.6834 29.3917 0.5297 0.4962 -0.2228 0.9544 -0.1987
6.0925 38.0001 66.5746 0.158 0.4962 -0.6057 0.7669 0.2121
35.7183 71.6834 29.3917 0.5297 0.4962 -0.2228 0.9544 -0.1987
74.1711 78.7145 71.5644 0.5316 0.0205 -0.1054 0.992 -0.0693
115.194 48.006 43.8345 0.8166 0.0205 0.3289 0.836 -0.4393
115.194 48.006 43.8345 0.8166 0.0205 0.3289 0.836 -0.4393
76.7411 40.9749 1.6617 0.8147 0.4962 0.2267 0.8019 -0.5527
35.7183 71.6834 29.3917 0.5297 0.4962 -0.2228 0.9544 -0.1987
35.7183 71.6834 29.3917 0.5297 0.4962 -0.1249 -0.7516 0.6477
41.9859 13.053 -37.4441 0.8166 0.9815 -0.1249 -0.7516 0.6477
76.7411 40.9749 1.6617 0.8147 0.4962 -0.1249 -0.7516 0.6477
41.9859 13.053 -37.4441 0.8166 0.9815 -0.1249 -0.7516 0.6477
35.7183 71.6834 29.3917 0.5297 0.4962 -0.1249 -0.7516 0.6477
0.9631 43.7615 -9.7142 0.5316 0.9815 -0.1249 -0.7516 0.6477
6.0925 38.0001 66.5746 0.158 0.4962 0.6894 -0.7173 -0.1005
0.9631 43.7615 -9.7142 0.5316 0.9815 0.6894 -0.7173 -0.1005
35.7183 71.6834 29.3917 0.5297 0.4962 0.6894 -0.7173 -0.1005
0.9631 43.7615 -9.7142 0.5316 0.9815 0.6894 -0.7173 -0.1005
6.0925 38.0001 66.5746 0.158 0.4962 0.6894 -0.7173 -0.1005
-28.6628 10.0782 27.4688 0.1599 0.9815 0.6894 -0.7173 -0.1005
74.1711 78.7145 71.5644 0.5316 0.0205 -0.3289 -0.836 0.4393
76.7411 40.9749 1.6617 0.8147 0.4962 -0.3289 -0.836 0.4393
115.194 48.006 43.8345 0.8166 0.0205 -0.3289 -0.836 0.4393
76.7411 40.9749 1.6617 0.8147 0.4962 -0.3289 -0.836 0.4393
74.1711 78.7145 71.5644 0.5316 0.0205 -0.3289 -0.836 0.4393
35.7183 71.6834 29.3917 0.5297 0.4962 -0.3289 -0.836 0.4393
44.5453 45.0312 108.747 0.1599 0.0205 0.5028 -0.801 -0.3249
35.7183 71.6834 29.3917 0.5297 0.4962 0.5028 -0.801 -0.3249
74.1711 78.7145 71.5644 0.5316 0.0205 0.5028 -0.801 -0.3249
35.7183 71.6834 29.3917 0.5297 0.4962 0.5028 -0.801 -0.3249
44.5453 45.0312 108.747 0.1599 0.0205 0.5028 -0.801 -0.3249
6.0925 38.0001 66.5746 0.158 0.4962 0.5028 -0.801 -0.3249
37.335 -18.642 27.0841 0.1599 0.9815 -0.1471 0.4958 0.8559
73.5024 20.1398 10.8368 0.158 0.4962 -0.0318 0.5846 0.8107
36.0284 55.1958 -15.9105 0.5297 0.4962 -0.3821 0.8108 0.4435
36.0284 55.1958 -15.9105 0.5297 0.4962 -0.3821 0.8108 0.4435
-0.139 16.4139 0.3368 0.5316 0.9815 -0.5142 0.6919 0.5069
37.335 -18.642 27.0841 0.1599 0.9815 -0.1471 0.4958 0.8559
-0.139 16.4139 0.3368 0.5316 0.9815 -0.5142 0.6919 0.5069
36.0284 55.1958 -15.9105 0.5297 0.4962 -0.3821 0.8108 0.4435
18.5788 37.5141 -68.0766 0.8147 0.4962 -0.6274 0.7769 -0.0534
18.5788 37.5141 -68.0766 0.8147 0.4962 -0.6274 0.7769 -0.0534
-17.5886 -1.2677 -51.8293 0.8166 0.9815 -0.7288 0.6846 0.0117
-0.139 16.4139 0.3368 0.5316 0.9815 -0.5142 0.6919 0.5069
73.5024 20.1398 10.8368 0.158 0.4962 -0.0318 0.5846 0.8107
116.166 41.8118 -13.6573 0.1599 0.0205 0.0898 0.6631 0.7432
78.6924 76.8677 -40.4045 0.5316 0.0205 -0.2436 0.8968 0.3692
78.6924 76.8677 -40.4045 0.5316 0.0205 -0.2436 0.8968 0.3692
36.0284 55.1958 -15.9105 0.5297 0.4962 -0.3821 0.8108 0.4435
73.5024 20.1398 10.8368 0.158 0.4962 -0.0318 0.5846 0.8107
36.0284 55.1958 -15.9105 0.5297 0.4962 -0.3821 0.8108 0.4435
78.6924 76.8677 -40.4045 0.5316 0.0205 -0.2436 0.8968 0.3692
61.2427 59.1861 -92.5706 0.8166 0.0205 -0.504 0.8551 -0.1213
61.2427 59.1861 -92.5706 0.8166 0.0205 -0.504 0.8551 -0.1213
18.5788 37.5141 -68.0766 0.8147 0.4962 -0.6274 0.7769 -0.0534
36.0284 55.1958 -15.9105 0.5297 0.4962 -0.3821 0.8108 0.4435
36.0284 55.1958 -15.9105 0.5297 0.4962 0.7288 -0.6846 -0.0117
-17.5886 -1.2677 -51.8293 0.8166 0.9815 0.7288 -0.6846 -0.0117
18.5788 37.5141 -68.0766 0.8147 0.4962 0.7288 -0.6846 -0.0117
-17.5886 -1.2677 -51.8293 0.8166 0.9815 0.7288 -0.6846 -0.0117
36.0284 55.1958 -15.9105 0.5297 0.4962 0.7288 -0.6846 -0.0117
-0.139 16.4139 0.3368 0.5316 0.9815 0.7288 -0.6846 -0.0117
73.5024 20.1398 10.8368 0.158 0.4962 0.1471 -0.4958 -0.8559
-0.139 16.4139 0.3368 0.5316 0.9815 0.1471 -0.4958 -0.8559
36.0284 55.1958 -15.9105 0.5297 0.4962 0.1471 -0.4958 -0.8559
-0.139 16.4139 0.3368 0.5316 0.9815 0.1471 -0.4958 -0.8559
73.5024 20.1398 10.8368 0.158 0.4962 0.1471 -0.4958 -0.8559
37.335 -18.642 27.0841 0.1599 0.9815 0.1471 -0.4958 -0.8559
78.6924 76.8677 -40.4045 0.5316 0.0205 0.504 -0.8551 0.1213
18.5788 37.5141 -68.0766 0.8147 0.4962 0.504 -0.8551 0.1213
61.2427 59.1861 -92.5706 0.8166 0.0205 0.504 -0.8551 0.1213
18.5788 37.5141 -68.0766 0.8147 0.4962 0.504 -0.8551 0.1213
78.6924 76.8677 -40.4045 0.5316 0.0205 0.504 -0.8551 0.1213
36.0284 55.1958 -15.9105 0.5297 0.4962 0.504 -0.8551 0.1213
116.166 41.8118 -13.6573 0.1599 0.0205 -0.0898 -0.6631 -0.7432
36.0284 55.1958 -15.9105 0.5297 0.4962 -0.0898 -0.6631 -0.7432
78.6924 76.8677 -40.4045 0.5316 0.0205 -0.0898 -0.6631 -0.7432
36.0284 55.1958 -15.9105 0.5297 0.4962 -0.0898 -0.6631 -0.7432
116.166 41.8118 -13.6573 0.1599 0.0205 -0.0898 -0.6631 -0.7432
73.5024 20.1398 10.8368 0.158 0.4962 -0.0898 -0.6631 -0.7432
38.7167 -18.642 -24.6869 0.1599 0.9815 0.7755 0.4958 0.3909
33.7534 20.1399 -64.0241 0.158 0.4962 0.766 0.5846 0.2674
-2.7813 55.1958 -36.0075 0.5297 0.4962 0.3124 0.8108 0.495
-2.7813 55.1958 -36.0075 0.5297 0.4962 0.3124 0.8108 0.495
2.182 16.414 3.3298 0.5316 0.9815 0.3344 0.6919 0.6399
38.7167 -18.642 -24.6869 0.1599 0.9815 0.7755 0.4958 0.3909
2.182 16.414 3.3298 0.5316 0.9815 0.3344 0.6919 0.6399
-2.7813 55.1958 -36.0075 0.5297 0.4962 0.3124 0.8108 0.495
-57.7698 37.5141 -34.5719 0.8147 0.4962 -0.2345 0.7769 0.5844
-57.7698 37.5141 -34.5719 0.8147 0.4962 -0.2345 0.7769 0.5844
-52.8065 -1.2677 4.7654 0.8166 0.9815 -0.2019 0.6846 0.7004
2.182 16.414 3.3298 0.5316 0.9815 0.3344 0.6919 0.6399
33.7534 20.1399 -64.0241 0.158 0.4962 0.766 0.5846 0.2674
22.803 41.8119 -111.985 0.1599 0.0205 0.737 0.6631 0.1314
-13.7317 76.8678 -83.9686 0.5316 0.0205 0.2819 0.8968 0.3409
-13.7317 76.8678 -83.9686 0.5316 0.0205 0.2819 0.8968 0.3409
-2.7813 55.1958 -36.0075 0.5297 0.4962 0.3124 0.8108 0.495
33.7534 20.1399 -64.0241 0.158 0.4962 0.766 0.5846 0.2674
-2.7813 55.1958 -36.0075 0.5297 0.4962 0.3124 0.8108 0.495
-13.7317 76.8678 -83.9686 0.5316 0.0205 0.2819 0.8968 0.3409
-68.7201 59.1862 -82.5329 0.8166 0.0205 -0.2633 0.8551 0.4465
-68.7201 59.1862 -82.5329 0.8166 0.0205 -0.2633 0.8551 0.4465
-57.7698 37.5141 -34.5719 0.8147 0.4962 -0.2345 0.7769 0.5844
-2.7813 55.1958 -36.0075 0.5297 0.4962 0.3124 0.8108 0.495
-2.7813 55.1958 -36.0075 0.5297 0.4962 0.2019 -0.6846 -0.7004
-52.8065 -1.2677 4.7654 0.8166 0.9815 0.2019 -0.6846 -0.7004
-57.7698 37.5141 -34.5719 0.8147 0.4962 0.2019 -0.6846 -0.7004
-52.8065 -1.2677 4.7654 0.8166 0.9815 0.2019 -0.6846 -0.7004
-2.7813 55.1958 -36.0075 0.5297 0.4962 0.2019 -0.6846 -0.7004
2.182 16.414 3.3298 0.5316 0.9815 0.2019 -0.6846 -0.7004
33.7534 20.1399 -64.0241 0.158 0.4962 -0.7755 -0.4958 -0.3909
2.182 16.414 3.3298 0.5316 0.9815 -0.7755 -0.4958 -0.3909
-2.7813 55.1958 -36.0075 0.5297 0.4962 -0.7755 -0.4958 -0.3909
2.182 16.414 3.3298 0.5316 0.9815 -0.7755 -0.4958 -0.3909
33.7534 20.1399 -64.0241 0.158 0.4962 -0.7755 -0.4958 -0.3909
38.7167 -18.642 -24.6869 0.1599 0.9815 -0.7755 -0.4958 -0.3909
-13.7317 76.8678 -83.9686 0.5316 0.0205 0.2633 -0.8551 -0.4465
-57.7698 37.5141 -34.5719 0.8147 0.4962 0.2633 -0.8551 -0.4465
-68.7201 59.1862 -82.5329 0.8166 0.0205 0.2633 -0.8551 -0.4465
-57.7698 37.5141 -34.5719 0.8147 0.4962 0.2633 -0.8551 -0.4465
-13.7317 76.8678 -83.9686 0.5316 0.0205 0.2633 -0.8551 -0.4465
-2.7813 55.1958 -36.0075 0.5297 0.4962 0.2633 -0.8551 -0.4465
22.803 41.8119 -111.985 0.1599 0.0205 -0.737 -0.6631 -0.1314
-2.7813 55.1958 -36.0075 0.5297 0.4962 -0.737 -0.6631 -0.1314
-13.7317 76.8678 -83.9686 0.5316 0.0205 -0.737 -0.6631 -0.1314
-2.7813 55.1958 -36.0075 0.5297 0.4962 -0.737 -0.6631 -0.1314
22.803 41.8119 -111.985 0.1599 0.0205 -0.737 -0.6631 -0.1314
33.7534 20.1399 -64.0241 0.158 0.4962 -0.737 -0.6631 -0.1314
-3.0138 -0.6483 -0.0997 0.54 0.8368 0 -1 0
1.7616 -0.6483 -3.3263 0.5206 0.9017 0 -1 0
1.7616 -0.6483 3.127 0.5206 0.7719 0 -1 0
1.1531 79.5644 0.4542 0.54 0.7719 0 1 0
1.1531 79.5644 -5.1807 0.54 0.9017 0 1 0
-3.0167 79.5644 -2.3633 0.5206 0.8368 0 1 0
-3.0138 -0.6483 -0.0997 0.5206 0.9017 -0.5598 0.0071 -0.8286
-2.2831 56.9808 -0.0997 0.5206 0.7962 -0.5598 0.0071 -0.8286
1.3963 56.9808 -2.5858 0.54 0.7962 -0.5598 0.0071 -0.8286
1.3963 56.9808 -2.5858 0.54 0.7962 -0.5598 0.0071 -0.8286
1.7616 -0.6483 -3.3263 0.54 0.9017 -0.5598 0.0071 -0.8286
-3.0138 -0.6483 -0.0997 0.5206 0.9017 -0.5598 0.0071 -0.8286
1.7616 -0.6483 -3.3263 0.5206 0.9017 1 0.0063 0
1.3963 56.9808 -2.5858 0.5206 0.7962 1 0.0063 0
1.3963 56.9808 2.3864 0.54 0.7962 1 0.0063 0
1.3963 56.9808 2.3864 0.54 0.7962 1 0.0063 -0
1.7616 -0.6483 3.127 0.54 0.9017 1 0.0063 -0
1.7616 -0.6483 -3.3263 0.5206 0.9017 1 0.0063 -0
1.7616 -0.6483 3.127 0.5206 0.9017 -0.5598 0.0071 0.8286
1.3963 56.9808 2.3864 0.5206 0.7962 -0.5598 0.0071 0.8286
-2.2831 56.9808 -0.0997 0.54 0.7962 -0.5598 0.0071 0.8286
-2.2831 56.9808 -0.0997 0.54 0.7962 -0.5598 0.0071 0.8286
-3.0138 -0.6483 -0.0997 0.54 0.9017 -0.5598 0.0071 0.8286
1.7616 -0.6483 3.127 0.5206 0.9017 -0.5598 0.0071 0.8286
-2.2831 56.9808 -0.0997 0.5206 0.7962 -0.557 -0.1007 -0.8244
-3.0167 79.5644 -2.3633 0.5206 0.7719 -0.557 -0.1007 -0.8244
1.1531 79.5644 -5.1807 0.54 0.7719 -0.557 -0.1007 -0.8244
1.1531 79.5644 -5.1807 0.54 0.7719 -0.557 -0.1007 -0.8244
1.3963 56.9808 -2.5858 0.54 0.7962 -0.557 -0.1007 -0.8244
-2.2831 56.9808 -0.0997 0.5206 0.7962 -0.557 -0.1007 -0.8244
1.3963 56.9808 -2.5858 0.5206 0.7962 0.9999 0.0108 0
1.1531 79.5644 -5.1807 0.5206 0.7719 0.9999 0.0108 0
1.1531 79.5644 0.4542 0.54 0.7719 0.9999 0.0108 0
1.1531 79.5644 0.4542 0.54 0.7719 0.9999 0.0108 0
1.3963 56.9808 2.3864 0.54 0.7962 0.9999 0.0108 0
1.3963 56.9808 -2.5858 0.5206 0.7962 0.9999 0.0108 0
1.3963 56.9808 2.3864 0.5206 0.7962 -0.5587 0.0647 0.8268
1.1531 79.5644 0.4542 0.5206 0.7719 -0.5587 0.0647 0.8268
-3.0167 79.5644 -2.3633 0.54 0.7719 -0.5587 0.0647 0.8268
-3.0167 79.5644 -2.3633 0.54 0.7719 -0.5587 0.0647 0.8268
-2.2831 56.9808 -0.0997 0.54 0.7962 -0.5587 0.0647 0.8268
1.3963 56.9808 2.3864 0.5206 0.7962 -0.5587 0.0647 0.8268
-47.3111 106.331 -95.6006 0.1599 0.0205 -0.6015 -0.7495 0.2765
-26.1884 115.379 -25.1174 0.5297 0.4962 -0.6015 -0.7495 0.2765
-62.7381 133.681 -55.0154 0.5316 0.0205 -0.6015 -0.7495 0.2765
