Vertex Count: 930

Data:

-0.0006 0.3393 3.9557 0.9755 1.092 -0.0009 0.8208 0.5713
0.1102 0.7721 3.334 0.9202 0.8343 -0.0009 0.8208 0.5713
-0.1153 0.7707 3.3357 0.9202 0.8343 -0.0009 0.8208 0.5713
-0.0006 0.3393 3.9557 0.9755 1.092 0.0013 -0.9463 -0.3234
-0.1153 0.551 3.3357 0.9202 0.9743 0.0013 -0.9463 -0.3234
0.1102 0.5519 3.334 0.9202 0.9743 0.0013 -0.9463 -0.3234
-0.0006 0.3393 3.9557 0.9755 1.092 0 0 0
-0.0006 0.3393 3.9557 0.9755 1.092 0 0 0
0.1102 0.5519 3.334 0.9202 0.9743 0 0 0
0.1098 0.5379 3.4459 0.9202 0.9743 0.7761 -0.6261 -0.0758
-0.0006 0.3393 3.9557 0.9755 1.092 0.7761 -0.6261 -0.0758
0.1102 0.5519 3.334 0.9202 0.9743 0.7761 -0.6261 -0.0758
0.1098 0.695 3.4459 0.9202 0.8343 -0.0326 0.823 0.5671
0.1102 0.7721 3.334 0.9202 0.8343 -0.0326 0.823 0.5671
-0.0006 0.3393 3.9557 0.9755 1.092 -0.0326 0.823 0.5671
-0.0006 0.3393 3.9557 0.9755 1.092 0 0 0
0.1098 0.695 3.4459 0.9202 0.8343 0 0 0
-0.0006 0.3393 3.9557 0.9755 1.092 0 0 0
0.1098 0.5379 3.4459 0.9202 0.9743 1 -0 0.0032
0.1102 0.5519 3.334 0.9202 0.9743 1 -0 0.0032
0.1102 0.7721 3.334 0.9202 0.8343 1 -0 0.0032
0.1098 0.695 3.4459 0.9202 0.8343 1 0 0.0032
0.1098 0.5379 3.4459 0.9202 0.9743 1 0 0.0032
0.1102 0.7721 3.334 0.9202 0.8343 1 0 0.0032
0.2953 0.4935 3.5297 0.9202 0.9743 0.4117 -0 -0.9113
0.1098 0.5379 3.4459 0.9202 0.9743 0.4117 -0 -0.9113
0.1098 0.695 3.4459 0.9202 0.8343 0.4117 -0 -0.9113
0.2953 0.6271 3.5297 0.9202 0.8343 0.4117 0 -0.9113
0.2953 0.4935 3.5297 0.9202 0.9743 0.4117 0 -0.9113
0.1098 0.695 3.4459 0.9202 0.8343 0.4117 0 -0.9113
0.2953 0.6271 3.5297 0.9202 0.8343 0.0379 0.8157 0.5773
0.1098 0.695 3.4459 0.9202 0.8343 0.0379 0.8157 0.5773
-0.0006 0.3393 3.9557 0.9755 1.092 0.0379 0.8157 0.5773
-0.0006 0.3393 3.9557 0.9755 1.092 0 0 0
0.2953 0.6271 3.5297 0.9202 0.8343 0 0 0
-0.0006 0.3393 3.9557 0.9755 1.092 0 0 0
-0.0006 0.3393 3.9557 0.9755 1.092 0 0 0
-0.0006 0.3393 3.9557 0.9755 1.092 0 0 0
0.1098 0.5379 3.4459 0.9202 0.9743 0 0 0
0.2953 0.4935 3.5297 0.9202 0.9743 -0.0534 -0.9265 -0.3725
-0.0006 0.3393 3.9557 0.9755 1.092 -0.0534 -0.9265 -0.3725
0.1098 0.5379 3.4459 0.9202 0.9743 -0.0534 -0.9265 -0.3725
1.8107 0.1444 4.1292 0.9921 1.2077 -0.0632 -0.9236 -0.3782
-0.0006 0.3393 3.9557 0.9755 1.092 -0.0632 -0.9236 -0.3782
0.2953 0.4935 3.5297 0.9202 0.9743 -0.0632 -0.9236 -0.3782
1.8107 0.1444 4.1292 0.9921 1.2077 0.0329 0.8175 0.5751
0.2953 0.6271 3.5297 0.9202 0.8343 0.0329 0.8175 0.5751
-0.0006 0.3393 3.9557 0.9755 1.092 0.0329 0.8175 0.5751
1.8107 0.1444 4.1292 0.9921 1.2077 0.3679 0 -0.9299
0.2953 0.4935 3.5297 0.9202 0.9743 0.3679 0 -0.9299
0.2953 0.6271 3.5297 0.9202 0.8343 0.3679 0 -0.9299
-0.2968 0.4939 3.526 0.9202 0.9743 -0.0342 -0.9477 -0.3173
-0.1153 0.551 3.3357 0.9202 0.9743 -0.0342 -0.9477 -0.3173
-0.0006 0.3393 3.9557 0.9755 1.092 -0.0342 -0.9477 -0.3173
-0.0006 0.3393 3.9557 0.9755 1.092 0 0 0
-0.2968 0.4939 3.526 0.9202 0.9743 0 0 0
-0.0006 0.3393 3.9557 0.9755 1.092 0 0 0
-0.0006 0.3393 3.9557 0.9755 1.092 0 0 0
-0.0006 0.3393 3.9557 0.9755 1.092 0 0 0
-0.1153 0.7707 3.3357 0.9202 0.8343 0 0 0
-0.2968 0.6298 3.526 0.9202 0.8343 -0.0323 0.8176 0.5749
-0.0006 0.3393 3.9557 0.9755 1.092 -0.0323 0.8176 0.5749
-0.1153 0.7707 3.3357 0.9202 0.8343 -0.0323 0.8176 0.5749
-0.2968 0.6298 3.526 0.9202 0.8343 -0.7235 0 -0.6903
-0.1153 0.7707 3.3357 0.9202 0.8343 -0.7235 0 -0.6903
-0.1153 0.551 3.3357 0.9202 0.9743 -0.7235 0 -0.6903
-0.2968 0.4939 3.526 0.9202 0.9743 -0.7235 0 -0.6903
-0.2968 0.6298 3.526 0.9202 0.8343 -0.7235 0 -0.6903
-0.1153 0.551 3.3357 0.9202 0.9743 -0.7235 0 -0.6903
-1.8119 0.1444 4.1292 0.9921 1.2077 -0.3699 0 -0.9291
-0.2968 0.6298 3.526 0.9202 0.8343 -0.3699 0 -0.9291
-0.2968 0.4939 3.526 0.9202 0.9743 -0.3699 0 -0.9291
-1.8119 0.1444 4.1292 0.9921 1.2077 -0.0329 0.8174 0.5751
-0.0006 0.3393 3.9557 0.9755 1.092 -0.0329 0.8174 0.5751
-0.2968 0.6298 3.526 0.9202 0.8343 -0.0329 0.8174 0.5751
-1.8119 0.1444 4.1292 0.9921 1.2077 0.0634 -0.9244 -0.3762
-0.2968 0.4939 3.526 0.9202 0.9743 0.0634 -0.9244 -0.3762
-0.0006 0.3393 3.9557 0.9755 1.092 0.0634 -0.9244 -0.3762
-0.0006 0.5005 -0.9457 0.5027 0.9965 0.0177 -0.9976 0.0671
0.6725 0.5126 -0.9431 0.5027 0.9965 0.0177 -0.9976 0.0671
0.7176 0.5753 -0.0237 0.5983 0.9965 0.0177 -0.9976 0.0671
-0.0006 0.5052 0.0063 0.5983 0.9965 0.0972 -0.9952 0.0049
-0.0006 0.5005 -0.9457 0.5027 0.9965 0.0972 -0.9952 0.0049
0.7176 0.5753 -0.0237 0.5983 0.9965 0.0972 -0.9952 0.0049
-0.0006 0.5052 0.0063 0.5983 0.9965 0.0974 -0.9952 0.009
0.7176 0.5753 -0.0237 0.5983 0.9965 0.0974 -0.9952 0.009
0.675 0.5804 1.0037 0.6938 0.9965 0.0974 -0.9952 0.009
-0.0006 0.5052 1.0048 0.6938 0.9965 0.1106 -0.9939 -0.0001
-0.0006 0.5052 0.0063 0.5983 0.9965 0.1106 -0.9939 -0.0001
0.675 0.5804 1.0037 0.6938 0.9965 0.1106 -0.9939 -0.0001
-0.6738 0.5126 -0.9431 0.5027 0.9965 -0.0179 -0.9998 0.005
-0.0006 0.5005 -0.9457 0.5027 0.9965 -0.0179 -0.9998 0.005
-0.0006 0.5052 0.0063 0.5983 0.9965 -0.0179 -0.9998 0.005
-0.7189 0.5753 -0.0237 0.5983 0.9965 -0.0994 -0.9931 0.0628
-0.6738 0.5126 -0.9431 0.5027 0.9965 -0.0994 -0.9931 0.0628
-0.0006 0.5052 0.0063 0.5983 0.9965 -0.0994 -0.9931 0.0628
-0.7189 0.5753 -0.0237 0.5983 0.9965 -0.097 -0.9953 -0.0001
-0.0006 0.5052 0.0063 0.5983 0.9965 -0.097 -0.9953 -0.0001
-0.0006 0.5052 1.0048 0.6938 0.9965 -0.097 -0.9953 -0.0001
-0.6763 0.5804 1.0037 0.6938 0.9965 -0.1106 -0.9938 0.0095
-0.7189 0.5753 -0.0237 0.5983 0.9965 -0.1106 -0.9938 0.0095
-0.0006 0.5052 1.0048 0.6938 0.9965 -0.1106 -0.9938 0.0095
-0.6631 1.9569 0.0074 0.64 0.4694 -0.11 0.9805 0.1628
-0.6744 1.79 1.0048 0.7379 0.4535 -0.11 0.9805 0.1628
-0.0006 1.8656 1.0048 0.7379 0.7085 -0.11 0.9805 0.1628
-0.0006 2.0424 0.0085 0.64 0.7085 -0.1264 0.9767 0.1734
-0.6631 1.9569 0.0074 0.64 0.4694 -0.1264 0.9767 0.1734
-0.0006 1.8656 1.0048 0.7379 0.7085 -0.1264 0.9767 0.1734
-0.0006 2.0424 0.0085 0.64 0.7085 0.1098 0.9787 0.1737
-0.0006 1.8656 1.0048 0.7379 0.7085 0.1098 0.9787 0.1737
0.6731 1.79 1.0048 0.7379 0.9636 0.1098 0.9787 0.1737
0.6618 1.9569 0.0074 0.64 0.9477 0.1266 0.9786 0.1623
-0.0006 2.0424 0.0085 0.64 0.7085 0.1266 0.9786 0.1623
0.6731 1.79 1.0048 0.7379 0.9636 0.1266 0.9786 0.1623
-0.6257 2.0857 -0.9459 0.5422 0.4853 -0.1272 0.9836 0.1279
-0.6631 1.9569 0.0074 0.64 0.4694 -0.1272 0.9836 0.1279
-0.0006 2.0424 0.0085 0.64 0.7085 -0.1272 0.9836 0.1279
-0.0006 2.1758 -0.9461 0.5422 0.7085 -0.1413 0.9804 0.137
-0.6257 2.0857 -0.9459 0.5422 0.4853 -0.1413 0.9804 0.137
-0.0006 2.0424 0.0085 0.64 0.7085 -0.1413 0.9804 0.137
-0.0006 2.1758 -0.9461 0.5422 0.7085 0.1271 0.9824 0.1373
-0.0006 2.0424 0.0085 0.64 0.7085 0.1271 0.9824 0.1373
0.6618 1.9569 0.0074 0.64 0.9477 0.1271 0.9824 0.1373
0.6244 2.0857 -0.9459 0.5422 0.9317 0.1415 0.9817 0.1271
-0.0006 2.1758 -0.9461 0.5422 0.7085 0.1415 0.9817 0.1271
0.6618 1.9569 0.0074 0.64 0.9477 0.1415 0.9817 0.1271
0.6618 1.9569 0.0074 0.5983 0.0758 0.9899 0.1414 0.0125
0.6731 1.79 1.0048 0.6938 0.1649 0.9899 0.1414 0.0125
0.7596 1.1846 1.0037 0.6938 0.5807 0.9899 0.1414 0.0125
0.7837 1.2544 -0.0237 0.5983 0.5362 0.9849 0.1694 0.0347
0.6618 1.9569 0.0074 0.5983 0.0758 0.9849 0.1694 0.0347
0.7596 1.1846 1.0037 0.6938 0.5807 0.9849 0.1694 0.0347
0.7837 1.2544 -0.0237 0.5983 0.5362 0.9902 -0.1386 0.0138
0.7596 1.1846 1.0037 0.6938 0.5807 0.9902 -0.1386 0.0138
0.675 0.5804 1.0037 0.6938 0.9965 0.9902 -0.1386 0.0138
0.7176 0.5753 -0.0237 0.5983 0.9965 0.9944 -0.0968 0.0418
0.7837 1.2544 -0.0237 0.5983 0.5362 0.9944 -0.0968 0.0418
0.675 0.5804 1.0037 0.6938 0.9965 0.9944 -0.0968 0.0418
0.6244 2.0857 -0.9459 0.248 0.2117 0.985 0.1717 -0.0154
0.6618 1.9569 0.0074 0.342 0.2694 0.985 0.1717 -0.0154
0.7837 1.2544 -0.0237 0.3389 0.5841 0.985 0.1717 -0.0154
0.7511 1.3992 -0.9431 0.2483 0.5192 0.9834 0.1814 -0.0064
0.6244 2.0857 -0.9459 0.248 0.2117 0.9834 0.1814 -0.0064
0.7837 1.2544 -0.0237 0.3389 0.5841 0.9834 0.1814 -0.0064
-0.6631 1.9569 0.0074 0.342 0.2694 -0.9833 0.1813 -0.0141
-0.6257 2.0857 -0.9459 0.248 0.2117 -0.9833 0.1813 -0.0141
-0.7524 1.3992 -0.9431 0.2483 0.5192 -0.9833 0.1813 -0.0141
-0.785 1.2544 -0.0237 0.3389 0.5841 -0.9852 0.1713 -0.008
-0.6631 1.9569 0.0074 0.342 0.2694 -0.9852 0.1713 -0.008
-0.7524 1.3992 -0.9431 0.2483 0.5192 -0.9852 0.1713 -0.008
-0.6744 1.79 1.0048 0.6938 0.1649 -0.9853 0.1702 0.0173
-0.6631 1.9569 0.0074 0.5983 0.0758 -0.9853 0.1702 0.0173
-0.785 1.2544 -0.0237 0.5983 0.5362 -0.9853 0.1702 0.0173
-0.7609 1.1846 1.0037 0.6938 0.5807 -0.9894 0.1413 0.0329
-0.6744 1.79 1.0048 0.6938 0.1649 -0.9894 0.1413 0.0329
-0.785 1.2544 -0.0237 0.5983 0.5362 -0.9894 0.1413 0.0329
-0.7609 1.1846 1.0037 0.6938 0.5807 -0.9952 -0.0968 0.0168
-0.785 1.2544 -0.0237 0.5983 0.5362 -0.9952 -0.0968 0.0168
-0.7189 0.5753 -0.0237 0.5983 0.9965 -0.9952 -0.0968 0.0168
-0.6763 0.5804 1.0037 0.6938 0.9965 -0.9895 -0.1385 0.0418
-0.7609 1.1846 1.0037 0.6938 0.5807 -0.9895 -0.1385 0.0418
-0.7189 0.5753 -0.0237 0.5983 0.9965 -0.9895 -0.1385 0.0418
-0.4877 1.4432 1.9854 0.7875 0.4009 -0.963 0.1372 0.2318
-0.6744 1.79 1.0048 0.6938 0.1649 -0.963 0.1372 0.2318
-0.7609 1.1846 1.0037 0.6938 0.5807 -0.963 0.1372 0.2318
-0.5475 0.9992 1.9872 0.7875 0.6995 -0.9635 0.1308 0.2337
-0.4877 1.4432 1.9854 0.7875 0.4009 -0.9635 0.1308 0.2337
-0.7609 1.1846 1.0037 0.6938 0.5807 -0.9635 0.1308 0.2337
-0.5475 0.9992 1.9872 0.7875 0.6995 -0.9732 -0.1362 0.1854
-0.7609 1.1846 1.0037 0.6938 0.5807 -0.9732 -0.1362 0.1854
-0.6763 0.5804 1.0037 0.6938 0.9965 -0.9732 -0.1362 0.1854
-0.4877 0.5563 1.9854 0.7875 0.9981 -0.974 -0.1323 0.1839
-0.5475 0.9992 1.9872 0.7875 0.6995 -0.974 -0.1323 0.1839
-0.6763 0.5804 1.0037 0.6938 0.9965 -0.974 -0.1323 0.1839
-0.2765 1.0762 2.9033 0.8812 0.6368 -0.9537 0.1296 0.2712
-0.4877 1.4432 1.9854 0.7875 0.4009 -0.9537 0.1296 0.2712
-0.5475 0.9992 1.9872 0.7875 0.6995 -0.9537 0.1296 0.2712
-0.2931 0.7929 2.9482 0.8812 0.8183 -0.9564 0.0995 0.2746
-0.2765 1.0762 2.9033 0.8812 0.6368 -0.9564 0.0995 0.2746
-0.5475 0.9992 1.9872 0.7875 0.6995 -0.9564 0.0995 0.2746
-0.2931 0.7929 2.9482 0.8812 0.8183 -0.9649 -0.1312 0.2273
-0.5475 0.9992 1.9872 0.7875 0.6995 -0.9649 -0.1312 0.2273
-0.4877 0.5563 1.9854 0.7875 0.9981 -0.9649 -0.1312 0.2273
-0.2765 0.5353 2.9034 0.8812 0.9998 -0.9701 -0.1009 0.2209
-0.2931 0.7929 2.9482 0.8812 0.8183 -0.9701 -0.1009 0.2209
-0.4877 0.5563 1.9854 0.7875 0.9981 -0.9701 -0.1009 0.2209
0.4864 0.5563 1.9854 0.7875 0.9981 0.9735 -0.1363 0.1837
0.675 0.5804 1.0037 0.6938 0.9965 0.9735 -0.1363 0.1837
0.7596 1.1846 1.0037 0.6938 0.5807 0.9735 -0.1363 0.1837
0.5463 0.9992 1.9872 0.7875 0.6995 0.9736 -0.1322 0.1863
0.4864 0.5563 1.9854 0.7875 0.9981 0.9736 -0.1322 0.1863
0.7596 1.1846 1.0037 0.6938 0.5807 0.9736 -0.1322 0.1863
0.5463 0.9992 1.9872 0.7875 0.6995 0.9624 0.1371 0.2346
0.7596 1.1846 1.0037 0.6938 0.5807 0.9624 0.1371 0.2346
0.6731 1.79 1.0048 0.6938 0.1649 0.9624 0.1371 0.2346
0.4864 1.4432 1.9854 0.7875 0.4009 0.9644 0.1309 0.2299
0.5463 0.9992 1.9872 0.7875 0.6995 0.9644 0.1309 0.2299
0.6731 1.79 1.0048 0.6938 0.1649 0.9644 0.1309 0.2299
0.2752 0.5353 2.9033 0.8812 0.9998 0.9667 -0.1314 0.2194
0.4864 0.5563 1.9854 0.7875 0.9981 0.9667 -0.1314 0.2194
0.5463 0.9992 1.9872 0.7875 0.6995 0.9667 -0.1314 0.2194
0.2918 0.7929 2.9482 0.8812 0.8183 0.9668 -0.1029 0.2339
0.2752 0.5353 2.9033 0.8812 0.9998 0.9668 -0.1029 0.2339
0.5463 0.9992 1.9872 0.7875 0.6995 0.9668 -0.1029 0.2339
0.2918 0.7929 2.9482 0.8812 0.8183 0.9514 0.1293 0.2796
0.5463 0.9992 1.9872 0.7875 0.6995 0.9514 0.1293 0.2796
0.4864 1.4432 1.9854 0.7875 0.4009 0.9514 0.1293 0.2796
0.2752 1.0762 2.9033 0.8812 0.6368 0.9607 0.0974 0.26
0.2918 0.7929 2.9482 0.8812 0.8183 0.9607 0.0974 0.26
0.4864 1.4432 1.9854 0.7875 0.4009 0.9607 0.0974 0.26
0.4864 1.4432 1.9854 0.8339 0.8848 0.1045 0.9312 0.3492
0.6731 1.79 1.0048 0.7379 0.9636 0.1045 0.9312 0.3492
-0.0006 1.8656 1.0048 0.7379 0.7085 0.1045 0.9312 0.3492
-0.0006 1.4971 1.9872 0.8339 0.7085 0.1043 0.9312 0.3493
0.4864 1.4432 1.9854 0.8339 0.8848 0.1043 0.9312 0.3493
-0.0006 1.8656 1.0048 0.7379 0.7085 0.1043 0.9312 0.3493
-0.0006 1.4971 1.9872 0.8339 0.7085 -0.1045 0.9312 0.3493
-0.0006 1.8656 1.0048 0.7379 0.7085 -0.1045 0.9312 0.3493
-0.6744 1.79 1.0048 0.7379 0.4535 -0.1045 0.9312 0.3493
-0.4877 1.4432 1.9854 0.8339 0.5323 -0.1043 0.9312 0.3492
-0.0006 1.4971 1.9872 0.8339 0.7085 -0.1043 0.9312 0.3492
-0.6744 1.79 1.0048 0.7379 0.4535 -0.1043 0.9312 0.3492
0.2752 1.0762 2.9033 0.9298 0.806 0.1027 0.9153 0.3895
0.4864 1.4432 1.9854 0.8339 0.8848 0.1027 0.9153 0.3895
-0.0006 1.4971 1.9872 0.8339 0.7085 0.1027 0.9153 0.3895
-0.0006 1.0807 2.9482 0.9298 0.7085 0.0794 0.9147 0.3963
0.2752 1.0762 2.9033 0.9298 0.806 0.0794 0.9147 0.3963
-0.0006 1.4971 1.9872 0.8339 0.7085 0.0794 0.9147 0.3963
-0.0006 1.0807 2.9482 0.9298 0.7085 -0.1024 0.9128 0.3954
-0.0006 1.4971 1.9872 0.8339 0.7085 -0.1024 0.9128 0.3954
-0.4877 1.4432 1.9854 0.8339 0.5323 -0.1024 0.9128 0.3954
-0.2765 1.0762 2.9033 0.9298 0.6111 -0.0777 0.9195 0.3854
-0.0006 1.0807 2.9482 0.9298 0.7085 -0.0777 0.9195 0.3854
-0.4877 1.4432 1.9854 0.8339 0.5323 -0.0777 0.9195 0.3854
-0.4877 0.5563 1.9854 0.7875 0.9981 -0.1106 -0.9939 -0.0031
-0.6763 0.5804 1.0037 0.6938 0.9965 -0.1106 -0.9939 -0.0031
-0.0006 0.5052 1.0048 0.6938 0.9965 -0.1106 -0.9939 -0.0031
-0.0006 0.5014 1.9872 0.7875 0.9981 -0.112 -0.9937 -0.0038
-0.4877 0.5563 1.9854 0.7875 0.9981 -0.112 -0.9937 -0.0038
-0.0006 0.5052 1.0048 0.6938 0.9965 -0.112 -0.9937 -0.0038
-0.0006 0.5014 1.9872 0.7875 0.9981 0.1106 -0.9939 -0.0038
-0.0006 0.5052 1.0048 0.6938 0.9965 0.1106 -0.9939 -0.0038
0.675 0.5804 1.0037 0.6938 0.9965 0.1106 -0.9939 -0.0038
0.4864 0.5563 1.9854 0.7875 0.9981 0.112 -0.9937 -0.0028
-0.0006 0.5014 1.9872 0.7875 0.9981 0.112 -0.9937 -0.0028
0.675 0.5804 1.0037 0.6938 0.9965 0.112 -0.9937 -0.0028
-0.2765 0.5353 2.9034 0.8812 0.9998 -0.112 -0.9937 0.003
-0.4877 0.5563 1.9854 0.7875 0.9981 -0.112 -0.9937 0.003
-0.0006 0.5014 1.9872 0.7875 0.9981 -0.112 -0.9937 0.003
-0.0006 0.5052 2.9482 0.8812 0.9998 -0.1093 -0.994 0.0039
-0.2765 0.5353 2.9034 0.8812 0.9998 -0.1093 -0.994 0.0039
-0.0006 0.5014 1.9872 0.7875 0.9981 -0.1093 -0.994 0.0039
-0.0006 0.5052 2.9482 0.8812 0.9998 0.112 -0.9937 0.0039
-0.0006 0.5014 1.9872 0.7875 0.9981 0.112 -0.9937 0.0039
0.4864 0.5563 1.9854 0.7875 0.9981 0.112 -0.9937 0.0039
0.2752 0.5353 2.9033 0.8812 0.9998 0.109 -0.994 0.0023
-0.0006 0.5052 2.9482 0.8812 0.9998 0.109 -0.994 0.0023
0.4864 0.5563 1.9854 0.7875 0.9981 0.109 -0.994 0.0023
0.1102 0.5519 3.334 0.9202 0.9743 0.0047 -0.9929 0.1189
-0.1153 0.551 3.3357 0.9202 0.9743 0.0047 -0.9929 0.1189
-0.0006 0.5052 2.9482 0.8812 0.9998 0.0047 -0.9929 0.1189
0.1102 0.5519 3.334 0.9202 0.9743 0.1218 -0.9889 0.0848
-0.0006 0.5052 2.9482 0.8812 0.9998 0.1218 -0.9889 0.0848
0.2752 0.5353 2.9033 0.8812 0.9998 0.1218 -0.9889 0.0848
-0.1153 0.551 3.3357 0.9202 0.9743 -0.1213 -0.9893 0.0812
-0.2765 0.5353 2.9034 0.8812 0.9998 -0.1213 -0.9893 0.0812
-0.0006 0.5052 2.9482 0.8812 0.9998 -0.1213 -0.9893 0.0812
-0.1153 0.7707 3.3357 0.9698 0.6709 -0.0002 0.7809 0.6246
0.1102 0.7721 3.334 0.9698 0.7461 -0.0002 0.7809 0.6246
-0.0006 1.0807 2.9482 0.9298 0.7085 -0.0002 0.7809 0.6246
-0.1153 0.7707 3.3357 0.9698 0.6709 -0.1106 0.7918 0.6007
-0.0006 1.0807 2.9482 0.9298 0.7085 -0.1106 0.7918 0.6007
-0.2765 1.0762 2.9033 0.9298 0.6111 -0.1106 0.7918 0.6007
0.1102 0.7721 3.334 0.9698 0.7461 0.1106 0.7914 0.6012
0.2752 1.0762 2.9033 0.9298 0.806 0.1106 0.7914 0.6012
-0.0006 1.0807 2.9482 0.9298 0.7085 0.1106 0.7914 0.6012
0.1102 0.7721 3.334 0.9202 0.8343 0.9048 -0 0.4259
0.1102 0.5519 3.334 0.9202 0.9743 0.9048 -0 0.4259
0.2918 0.7929 2.9482 0.8812 0.8183 0.9048 -0 0.4259
0.1102 0.7721 3.334 0.9202 0.8343 0.8957 0.1202 0.4281
0.2918 0.7929 2.9482 0.8812 0.8183 0.8957 0.1202 0.4281
0.2752 1.0762 2.9033 0.8812 0.6368 0.8957 0.1202 0.4281
0.1102 0.5519 3.334 0.9202 0.9743 0.9252 -0.1221 0.3593
0.2752 0.5353 2.9033 0.8812 0.9998 0.9252 -0.1221 0.3593
0.2918 0.7929 2.9482 0.8812 0.8183 0.9252 -0.1221 0.3593
-0.1153 0.551 3.3357 0.9202 0.9743 -0.9089 0 0.4171
-0.1153 0.7707 3.3357 0.9202 0.8343 -0.9089 0 0.4171
-0.2931 0.7929 2.9482 0.8812 0.8183 -0.9089 0 0.4171
-0.1153 0.551 3.3357 0.9202 0.9743 -0.9286 -0.1208 0.3508
-0.2931 0.7929 2.9482 0.8812 0.8183 -0.9286 -0.1208 0.3508
-0.2765 0.5353 2.9034 0.8812 0.9998 -0.9286 -0.1208 0.3508
-0.1153 0.7707 3.3357 0.9202 0.8343 -0.8998 0.1191 0.4198
-0.2765 1.0762 2.9033 0.8812 0.6368 -0.8998 0.1191 0.4198
-0.2931 0.7929 2.9482 0.8812 0.8183 -0.8998 0.1191 0.4198
-0.7356 1.3268 -1.5657 0.1869 0.5517 -0.9823 0.181 -0.0475
-0.7524 1.3992 -0.9431 0.2483 0.5192 -0.9823 0.181 -0.0475
-0.6257 2.0857 -0.9459 0.248 0.2117 -0.9823 0.181 -0.0475
-0.6194 2.0977 -1.5901 0.1845 0.2062 -0.9888 0.1488 -0.0069
-0.7356 1.3268 -1.5657 0.1869 0.5517 -0.9888 0.1488 -0.0069
-0.6257 2.0857 -0.9459 0.248 0.2117 -0.9888 0.1488 -0.0069
-0.6013 0.6107 -2.1803 0.1263 0.8725 -0.9893 -0.082 -0.1206
-0.6739 0.5826 -1.5657 0.1869 0.8851 -0.9893 -0.082 -0.1206
-0.7356 1.3268 -1.5657 0.1869 0.5517 -0.9893 -0.082 -0.1206
-0.676 1.3374 -2.1803 0.1263 0.5469 -0.99 -0.1017 -0.0978
-0.6013 0.6107 -2.1803 0.1263 0.8725 -0.99 -0.1017 -0.0978
-0.7356 1.3268 -1.5657 0.1869 0.5517 -0.99 -0.1017 -0.0978
-0.676 1.3374 -2.1803 0.1263 0.5469 -0.985 0.1455 -0.093
-0.7356 1.3268 -1.5657 0.1869 0.5517 -0.985 0.1455 -0.093
-0.6194 2.0977 -1.5901 0.1845 0.2062 -0.985 0.1455 -0.093
-0.5995 2.0654 -2.1812 0.1262 0.2207 -0.9938 0.1044 -0.0393
-0.676 1.3374 -2.1803 0.1263 0.5469 -0.9938 0.1044 -0.0393
-0.6194 2.0977 -1.5901 0.1845 0.2062 -0.9938 0.1044 -0.0393
0.6182 2.0977 -1.5901 0.1845 0.2062 0.9834 0.1814 -0.0062
0.6244 2.0857 -0.9459 0.248 0.2117 0.9834 0.1814 -0.0062
0.7511 1.3992 -0.9431 0.2483 0.5192 0.9834 0.1814 -0.0062
0.7343 1.3268 -1.5657 0.1869 0.5517 0.9881 0.1475 -0.0437
0.6182 2.0977 -1.5901 0.1845 0.2062 0.9881 0.1475 -0.0437
0.7511 1.3992 -0.9431 0.2483 0.5192 0.9881 0.1475 -0.0437
0.5982 2.0654 -2.1812 0.1262 0.2207 0.9882 0.1476 -0.0414
0.6182 2.0977 -1.5901 0.1845 0.2062 0.9882 0.1476 -0.0414
0.7343 1.3268 -1.5657 0.1869 0.5517 0.9882 0.1476 -0.0414
0.6747 1.3374 -2.1803 0.1263 0.5469 0.9901 0.1039 -0.0943
0.5982 2.0654 -2.1812 0.1262 0.2207 0.9901 0.1039 -0.0943
0.7343 1.3268 -1.5657 0.1869 0.5517 0.9901 0.1039 -0.0943
0.6747 1.3374 -2.1803 0.1263 0.5469 0.9918 -0.0822 -0.0976
0.7343 1.3268 -1.5657 0.1869 0.5517 0.9918 -0.0822 -0.0976
0.6726 0.5826 -1.5657 0.1869 0.8851 0.9918 -0.0822 -0.0976
0.6 0.6107 -2.1803 0.1263 0.8725 0.9874 -0.1014 -0.1212
0.6747 1.3374 -2.1803 0.1263 0.5469 0.9874 -0.1014 -0.1212
0.6726 0.5826 -1.5657 0.1869 0.8851 0.9874 -0.1014 -0.1212
-0.6194 2.0977 -1.5901 0.4835 0.4853 -0.1427 0.9896 0.0172
-0.6257 2.0857 -0.9459 0.5422 0.4853 -0.1427 0.9896 0.0172
-0.0006 2.1758 -0.9461 0.5422 0.7085 -0.1427 0.9896 0.0172
-0.0006 2.1916 -1.591 0.4835 0.7085 -0.1498 0.9884 0.0242
-0.6194 2.0977 -1.5901 0.4835 0.4853 -0.1498 0.9884 0.0242
-0.0006 2.1758 -0.9461 0.5422 0.7085 -0.1498 0.9884 0.0242
-0.0006 2.1916 -1.591 0.4835 0.7085 0.1427 0.9895 0.0242
-0.0006 2.1758 -0.9461 0.5422 0.7085 0.1427 0.9895 0.0242
0.6244 2.0857 -0.9459 0.5422 0.9317 0.1427 0.9895 0.0242
0.6182 2.0977 -1.5901 0.4835 0.9317 0.1499 0.9886 0.0171
-0.0006 2.1916 -1.591 0.4835 0.7085 0.1499 0.9886 0.0171
0.6244 2.0857 -0.9459 0.5422 0.9317 0.1499 0.9886 0.0171
-0.5995 2.0654 -2.1812 0.4247 0.4853 -0.1497 0.987 -0.059
-0.6194 2.0977 -1.5901 0.4835 0.4853 -0.1497 0.987 -0.059
-0.0006 2.1916 -1.591 0.4835 0.7085 -0.1497 0.987 -0.059
-0.0006 2.1567 -2.1812 0.4247 0.7085 -0.1505 0.9869 -0.0582
-0.5995 2.0654 -2.1812 0.4247 0.4853 -0.1505 0.9869 -0.0582
-0.0006 2.1916 -1.591 0.4835 0.7085 -0.1505 0.9869 -0.0582
-0.0006 2.1567 -2.1812 0.4247 0.7085 0.1497 0.987 -0.0582
-0.0006 2.1916 -1.591 0.4835 0.7085 0.1497 0.987 -0.0582
0.6182 2.0977 -1.5901 0.4835 0.9317 0.1497 0.987 -0.0582
0.5982 2.0654 -2.1812 0.4247 0.9317 0.1505 0.9869 -0.059
-0.0006 2.1567 -2.1812 0.4247 0.7085 0.1505 0.9869 -0.059
0.6182 2.0977 -1.5901 0.4835 0.9317 0.1505 0.9869 -0.059
0.6726 0.5826 -1.5657 0.4454 0.9965 0.0183 -0.9936 -0.1117
0.6725 0.5126 -0.9431 0.5027 0.9965 0.0183 -0.9936 -0.1117
-0.0006 0.5005 -0.9457 0.5027 0.9965 0.0183 -0.9936 -0.1117
-0.0006 0.5062 -1.5892 0.4454 0.9965 0.1131 -0.9935 -0.0087
0.6726 0.5826 -1.5657 0.4454 0.9965 0.1131 -0.9935 -0.0087
-0.0006 0.5005 -0.9457 0.5027 0.9965 0.1131 -0.9935 -0.0087
-0.0006 0.5062 -1.5892 0.4454 0.9965 -0.018 -0.9998 -0.0088
-0.0006 0.5005 -0.9457 0.5027 0.9965 -0.018 -0.9998 -0.0088
-0.6738 0.5126 -0.9431 0.5027 0.9965 -0.018 -0.9998 -0.0088
-0.6739 0.5826 -1.5657 0.4454 0.9965 -0.1159 -0.987 -0.1109
-0.0006 0.5062 -1.5892 0.4454 0.9965 -0.1159 -0.987 -0.1109
-0.6738 0.5126 -0.9431 0.5027 0.9965 -0.1159 -0.987 -0.1109
0.6 0.6107 -2.1803 0.3881 0.9965 0.1146 -0.9917 -0.0589
0.6726 0.5826 -1.5657 0.4454 0.9965 0.1146 -0.9917 -0.0589
-0.0006 0.5062 -1.5892 0.4454 0.9965 0.1146 -0.9917 -0.0589
-0.0006 0.5198 -2.1812 0.3881 0.9965 0.1495 -0.9885 -0.0228
0.6 0.6107 -2.1803 0.3881 0.9965 0.1495 -0.9885 -0.0228
-0.0006 0.5062 -1.5892 0.4454 0.9965 0.1495 -0.9885 -0.0228
-0.0006 0.5198 -2.1812 0.3881 0.9965 -0.1136 -0.9933 -0.0229
-0.0006 0.5062 -1.5892 0.4454 0.9965 -0.1136 -0.9933 -0.0229
-0.6739 0.5826 -1.5657 0.4454 0.9965 -0.1136 -0.9933 -0.0229
-0.6013 0.6107 -2.1803 0.3881 0.9965 -0.1493 -0.9868 -0.0627
-0.0006 0.5198 -2.1812 0.3881 0.9965 -0.1493 -0.9868 -0.0627
-0.6739 0.5826 -1.5657 0.4454 0.9965 -0.1493 -0.9868 -0.0627
0.4623 0.6877 -2.6914 0.3403 0.9297 0.1472 -0.9715 -0.1861
0.6 0.6107 -2.1803 0.3881 0.9965 0.1472 -0.9715 -0.1861
-0.0006 0.5198 -2.1812 0.3881 0.9965 0.1472 -0.9715 -0.1861
-0.0006 0.618 -2.6914 0.3403 0.9297 0.1463 -0.9714 -0.1868
0.4623 0.6877 -2.6914 0.3403 0.9297 0.1463 -0.9714 -0.1868
-0.0006 0.5198 -2.1812 0.3881 0.9965 0.1463 -0.9714 -0.1868
-0.0006 0.618 -2.6914 0.3403 0.9297 -0.1472 -0.9713 -0.1868
-0.0006 0.5198 -2.1812 0.3881 0.9965 -0.1472 -0.9713 -0.1868
-0.6013 0.6107 -2.1803 0.3881 0.9965 -0.1472 -0.9713 -0.1868
-0.4636 0.6877 -2.6914 0.3403 0.9297 -0.1463 -0.9716 -0.1858
-0.0006 0.618 -2.6914 0.3403 0.9297 -0.1463 -0.9716 -0.1858
-0.6013 0.6107 -2.1803 0.3881 0.9965 -0.1463 -0.9716 -0.1858
0.3135 0.7746 -3.157 0.2925 0.8628 0.1451 -0.9632 -0.2263
0.4623 0.6877 -2.6914 0.3403 0.9297 0.1451 -0.9632 -0.2263
-0.0006 0.618 -2.6914 0.3403 0.9297 0.1451 -0.9632 -0.2263
-0.0006 0.7291 -3.1578 0.2925 0.8628 0.1403 -0.9632 -0.2295
0.3135 0.7746 -3.157 0.2925 0.8628 0.1403 -0.9632 -0.2295
-0.0006 0.618 -2.6914 0.3403 0.9297 0.1403 -0.9632 -0.2295
-0.0006 0.7291 -3.1578 0.2925 0.8628 -0.145 -0.9625 -0.2293
-0.0006 0.618 -2.6914 0.3403 0.9297 -0.145 -0.9625 -0.2293
-0.4636 0.6877 -2.6914 0.3403 0.9297 -0.145 -0.9625 -0.2293
-0.3148 0.7746 -3.157 0.2925 0.8628 -0.1404 -0.9642 -0.225
-0.0006 0.7291 -3.1578 0.2925 0.8628 -0.1404 -0.9642 -0.225
-0.4636 0.6877 -2.6914 0.3403 0.9297 -0.1404 -0.9642 -0.225
-0.4636 1.8121 -2.6914 0.3758 0.5411 -0.1331 0.8731 -0.469
-0.5995 2.0654 -2.1812 0.4247 0.4853 -0.1331 0.8731 -0.469
-0.0006 2.1567 -2.1812 0.4247 0.7085 -0.1331 0.8731 -0.469
-0.0006 1.8818 -2.6914 0.3758 0.7085 -0.1314 0.8727 -0.4703
-0.4636 1.8121 -2.6914 0.3758 0.5411 -0.1314 0.8727 -0.4703
-0.0006 2.1567 -2.1812 0.4247 0.7085 -0.1314 0.8727 -0.4703
-0.0006 1.8818 -2.6914 0.3758 0.7085 0.133 0.8725 -0.4702
-0.0006 2.1567 -2.1812 0.4247 0.7085 0.133 0.8725 -0.4702
0.5982 2.0654 -2.1812 0.4247 0.9317 0.133 0.8725 -0.4702
0.4623 1.8121 -2.6914 0.3758 0.8759 0.1316 0.8735 -0.4688
-0.0006 1.8818 -2.6914 0.3758 0.7085 0.1316 0.8735 -0.4688
0.5982 2.0654 -2.1812 0.4247 0.9317 0.1316 0.8735 -0.4688
-0.3148 1.5413 -3.157 0.3269 0.5969 -0.1264 0.8394 -0.5287
-0.4636 1.8121 -2.6914 0.3758 0.5411 -0.1264 0.8394 -0.5287
-0.0006 1.8818 -2.6914 0.3758 0.7085 -0.1264 0.8394 -0.5287
-0.0006 1.5875 -3.1578 0.3269 0.7085 -0.1249 0.8391 -0.5295
-0.3148 1.5413 -3.157 0.3269 0.5969 -0.1249 0.8391 -0.5295
-0.0006 1.8818 -2.6914 0.3758 0.7085 -0.1249 0.8391 -0.5295
-0.0006 1.5875 -3.1578 0.3269 0.7085 0.1264 0.8389 -0.5294
-0.0006 1.8818 -2.6914 0.3758 0.7085 0.1264 0.8389 -0.5294
0.4623 1.8121 -2.6914 0.3758 0.8759 0.1264 0.8389 -0.5294
0.3135 1.5413 -3.157 0.3269 0.8201 0.1249 0.8397 -0.5284
-0.0006 1.5875 -3.1578 0.3269 0.7085 0.1249 0.8397 -0.5284
0.4623 1.8121 -2.6914 0.3758 0.8759 0.1249 0.8397 -0.5284
0.4623 1.8121 -2.6914 0.0759 0.3342 0.9482 0.0993 -0.3019
0.5982 2.0654 -2.1812 0.1262 0.2207 0.9482 0.0993 -0.3019
0.6747 1.3374 -2.1803 0.1263 0.5469 0.9482 0.0993 -0.3019
0.5202 1.2496 -2.6906 0.076 0.5863 0.9478 0.0972 -0.3037
0.4623 1.8121 -2.6914 0.0759 0.3342 0.9478 0.0972 -0.3037
0.6747 1.3374 -2.1803 0.1263 0.5469 0.9478 0.0972 -0.3037
0.5202 1.2496 -2.6906 0.076 0.5863 0.957 -0.0983 -0.2728
0.6747 1.3374 -2.1803 0.1263 0.5469 0.957 -0.0983 -0.2728
0.6 0.6107 -2.1803 0.1263 0.8725 0.957 -0.0983 -0.2728
0.4623 0.6877 -2.6914 0.0759 0.838 0.957 -0.0983 -0.2728
0.5202 1.2496 -2.6906 0.076 0.5863 0.957 -0.0983 -0.2728
0.6 0.6107 -2.1803 0.1263 0.8725 0.957 -0.0983 -0.2728
0.3135 1.5413 -3.157 0.03 0.4556 0.9308 0.0953 -0.3529
0.4623 1.8121 -2.6914 0.0759 0.3342 0.9308 0.0953 -0.3529
0.5202 1.2496 -2.6906 0.076 0.5863 0.9308 0.0953 -0.3529
0.3645 1.1487 -3.1359 0.0321 0.6315 0.9316 0.1023 -0.3489
0.3135 1.5413 -3.157 0.03 0.4556 0.9316 0.1023 -0.3489
0.5202 1.2496 -2.6906 0.076 0.5863 0.9316 0.1023 -0.3489
0.3645 1.1487 -3.1359 0.0321 0.6315 0.9462 -0.0971 -0.3088
0.5202 1.2496 -2.6906 0.076 0.5863 0.9462 -0.0971 -0.3088
0.4623 0.6877 -2.6914 0.0759 0.838 0.9462 -0.0971 -0.3088
0.3135 0.7746 -3.157 0.03 0.7991 0.9406 -0.1102 -0.3212
0.3645 1.1487 -3.1359 0.0321 0.6315 0.9406 -0.1102 -0.3212
0.4623 0.6877 -2.6914 0.0759 0.838 0.9406 -0.1102 -0.3212
-0.4636 0.6877 -2.6914 0.0759 0.838 -0.957 -0.0983 -0.2728
-0.6013 0.6107 -2.1803 0.1263 0.8725 -0.957 -0.0983 -0.2728
-0.676 1.3374 -2.1803 0.1263 0.5469 -0.957 -0.0983 -0.2728
-0.5215 1.2496 -2.6906 0.076 0.5863 -0.957 -0.0983 -0.2728
-0.4636 0.6877 -2.6914 0.0759 0.838 -0.957 -0.0983 -0.2728
-0.676 1.3374 -2.1803 0.1263 0.5469 -0.957 -0.0983 -0.2728
-0.5215 1.2496 -2.6906 0.076 0.5863 -0.9475 0.0992 -0.304
-0.676 1.3374 -2.1803 0.1263 0.5469 -0.9475 0.0992 -0.304
-0.5995 2.0654 -2.1812 0.1262 0.2207 -0.9475 0.0992 -0.304
-0.4636 1.8121 -2.6914 0.0759 0.3342 -0.9487 0.0972 -0.301
-0.5215 1.2496 -2.6906 0.076 0.5863 -0.9487 0.0972 -0.301
-0.5995 2.0654 -2.1812 0.1262 0.2207 -0.9487 0.0972 -0.301
-0.3148 0.7746 -3.157 0.03 0.7991 -0.9427 -0.0967 -0.3193
-0.4636 0.6877 -2.6914 0.0759 0.838 -0.9427 -0.0967 -0.3193
-0.5215 1.2496 -2.6906 0.076 0.5863 -0.9427 -0.0967 -0.3193
-0.3658 1.1487 -3.1359 0.0321 0.6315 -0.9457 -0.1118 -0.3053
-0.3148 0.7746 -3.157 0.03 0.7991 -0.9457 -0.1118 -0.3053
-0.5215 1.2496 -2.6906 0.076 0.5863 -0.9457 -0.1118 -0.3053
-0.3658 1.1487 -3.1359 0.0321 0.6315 -0.9327 0.0955 -0.3477
-0.5215 1.2496 -2.6906 0.076 0.5863 -0.9327 0.0955 -0.3477
-0.4636 1.8121 -2.6914 0.0759 0.3342 -0.9327 0.0955 -0.3477
-0.3148 1.5413 -3.157 0.03 0.4556 -0.929 0.1016 -0.356
-0.3658 1.1487 -3.1359 0.0321 0.6315 -0.929 0.1016 -0.356
-0.4636 1.8121 -2.6914 0.0759 0.3342 -0.929 0.1016 -0.356
1.1212 0.565 -1.3096 0.4725 0.9579 0.4942 -0.041 -0.8684
0.6726 0.5826 -1.5657 0.4454 0.9965 0.4942 -0.041 -0.8684
0.7343 1.3268 -1.5657 0.4454 0.4916 0.4942 -0.041 -0.8684
1.1212 1.075 -1.3096 0.4725 0.655 0.552 0 -0.8338
1.1212 0.565 -1.3096 0.4725 0.9579 0.552 0 -0.8338
0.7343 1.3268 -1.5657 0.4454 0.4916 0.552 0 -0.8338
1.1212 1.075 -1.3096 0.4725 0.655 0.5918 0.7987 -0.1087
0.7343 1.3268 -1.5657 0.4454 0.4916 0.5918 0.7987 -0.1087
0.7511 1.3992 -0.9431 0.5027 0.4916 0.5918 0.7987 -0.1087
1.1212 1.075 -0.9496 0.5069 0.655 0.6588 0.7523 0
1.1212 1.075 -1.3096 0.4725 0.655 0.6588 0.7523 0
0.7511 1.3992 -0.9431 0.5027 0.4916 0.6588 0.7523 0
1.1212 1.075 -0.9496 0.5069 0.655 0.6568 0.7481 0.0944
0.7511 1.3992 -0.9431 0.5027 0.4916 0.6568 0.7481 0.0944
0.7837 1.2544 -0.0237 0.5983 0.5362 0.6568 0.7481 0.0944
1.1722 1.03 -0.3496 0.5642 0.6817 0.5131 0.8581 0.0207
1.1212 1.075 -0.9496 0.5069 0.655 0.5131 0.8581 0.0207
0.7837 1.2544 -0.0237 0.5983 0.5362 0.5131 0.8581 0.0207
1.1722 1.03 -0.3496 0.5642 0.6817 0.6208 -0.0604 0.7816
0.7837 1.2544 -0.0237 0.5983 0.5362 0.6208 -0.0604 0.7816
0.7176 0.5753 -0.0237 0.5983 0.9965 0.6208 -0.0604 0.7816
1.1722 0.565 -0.3496 0.5642 0.9579 0.5826 0 0.8127
1.1722 1.03 -0.3496 0.5642 0.6817 0.5826 0 0.8127
0.7176 0.5753 -0.0237 0.5983 0.9965 0.5826 0 0.8127
1.1212 0.565 -0.9496 0.5069 0.9579 0.1137 -0.9873 -0.111
0.6725 0.5126 -0.9431 0.5027 0.9965 0.1137 -0.9873 -0.111
0.6726 0.5826 -1.5657 0.4454 0.9965 0.1137 -0.9873 -0.111
1.1212 0.565 -1.3096 0.4725 0.9579 -0.0392 -0.9992 0
1.1212 0.565 -0.9496 0.5069 0.9579 -0.0392 -0.9992 0
0.6726 0.5826 -1.5657 0.4454 0.9965 -0.0392 -0.9992 0
1.1722 0.565 -0.3496 0.5642 0.9579 0.0253 -0.9974 0.0668
0.7176 0.5753 -0.0237 0.5983 0.9965 0.0253 -0.9974 0.0668
0.6725 0.5126 -0.9431 0.5027 0.9965 0.0253 -0.9974 0.0668
1.1212 0.565 -0.9496 0.5069 0.9579 0.1159 -0.9932 -0.0098
1.1722 0.565 -0.3496 0.5642 0.9579 0.1159 -0.9932 -0.0098
0.6725 0.5126 -0.9431 0.5027 0.9965 0.1159 -0.9932 -0.0098
-1.1225 1.075 -0.9496 0.5069 0.655 -0.6542 0.7491 -0.1046
-0.7524 1.3992 -0.9431 0.5027 0.4916 -0.6542 0.7491 -0.1046
-0.7356 1.3268 -1.5657 0.4454 0.4916 -0.6542 0.7491 -0.1046
-1.1225 1.075 -1.3096 0.4725 0.655 -0.5455 0.8381 0
-1.1225 1.075 -0.9496 0.5069 0.655 -0.5455 0.8381 0
-0.7356 1.3268 -1.5657 0.4454 0.4916 -0.5455 0.8381 0
-1.1225 1.075 -1.3096 0.4725 0.655 -0.5314 -0.044 -0.846
-0.7356 1.3268 -1.5657 0.4454 0.4916 -0.5314 -0.044 -0.846
-0.6739 0.5826 -1.5657 0.4454 0.9965 -0.5314 -0.044 -0.846
-1.1225 0.565 -1.3096 0.4725 0.9579 -0.4958 0 -0.8684
-1.1225 1.075 -1.3096 0.4725 0.655 -0.4958 0 -0.8684
-0.6739 0.5826 -1.5657 0.4454 0.9965 -0.4958 0 -0.8684
-1.1735 0.565 -0.3496 0.5642 0.9579 -0.5809 -0.0565 0.812
-0.7189 0.5753 -0.0237 0.5983 0.9965 -0.5809 -0.0565 0.812
-0.785 1.2544 -0.0237 0.5983 0.5362 -0.5809 -0.0565 0.812
-1.1735 1.03 -0.3496 0.5642 0.6817 -0.6427 -0 0.7661
-1.1735 0.565 -0.3496 0.5642 0.9579 -0.6427 -0 0.7661
-0.785 1.2544 -0.0237 0.5983 0.5362 -0.6427 -0 0.7661
-1.1735 1.03 -0.3496 0.5642 0.6817 -0.5641 0.8185 0.1088
-0.785 1.2544 -0.0237 0.5983 0.5362 -0.5641 0.8185 0.1088
-0.7524 1.3992 -0.9431 0.5027 0.4916 -0.5641 0.8185 0.1088
-1.1225 1.075 -0.9496 0.5069 0.655 -0.6588 0.7523 0.0004
-1.1735 1.03 -0.3496 0.5642 0.6817 -0.6588 0.7523 0.0004
-0.7524 1.3992 -0.9431 0.5027 0.4916 -0.6588 0.7523 0.0004
-1.1225 0.565 -1.3096 0.4725 0.9579 -0.0248 -0.9934 -0.1117
-0.6739 0.5826 -1.5657 0.4454 0.9965 -0.0248 -0.9934 -0.1117
-0.6738 0.5126 -0.9431 0.5027 0.9965 -0.0248 -0.9934 -0.1117
-1.1225 0.565 -0.9496 0.5069 0.9579 -0.116 -0.9932 0
-1.1225 0.565 -1.3096 0.4725 0.9579 -0.116 -0.9932 0
-0.6738 0.5126 -0.9431 0.5027 0.9965 -0.116 -0.9932 0
-1.1225 0.565 -0.9496 0.5069 0.9579 -0.1167 -0.9912 0.0618
-0.6738 0.5126 -0.9431 0.5027 0.9965 -0.1167 -0.9912 0.0618
-0.7189 0.5753 -0.0237 0.5983 0.9965 -0.1167 -0.9912 0.0618
-1.1735 0.565 -0.3496 0.5642 0.9579 0.0213 -0.9998 0.0018
-1.1225 0.565 -0.9496 0.5069 0.9579 0.0213 -0.9998 0.0018
-0.7189 0.5753 -0.0237 0.5983 0.9965 0.0213 -0.9998 0.0018
1.5565 0.5898 -0.4024 0.5591 0.9432 0.0635 -0.998 -0.0054
1.1722 0.565 -0.3496 0.5642 0.9579 0.0635 -0.998 -0.0054
1.1212 0.565 -0.9496 0.5069 0.9579 0.0635 -0.998 -0.0054
1.506 0.5898 -0.9424 0.5075 0.9432 0.0643 -0.9979 -0.006
1.5565 0.5898 -0.4024 0.5591 0.9432 0.0643 -0.9979 -0.006
1.1212 0.565 -0.9496 0.5069 0.9579 0.0643 -0.9979 -0.006
1.506 0.5898 -0.9424 0.5075 0.9432 0.0642 -0.9979 0
1.1212 0.565 -0.9496 0.5069 0.9579 0.0642 -0.9979 0
1.1212 0.565 -1.3096 0.4725 0.9579 0.0642 -0.9979 0
1.506 0.5898 -1.2664 0.4766 0.9432 0.0642 -0.9979 0
1.506 0.5898 -0.9424 0.5075 0.9432 0.0642 -0.9979 0
1.1212 0.565 -1.3096 0.4725 0.9579 0.0642 -0.9979 0
1.5565 1.0083 -0.4024 0.5591 0.6946 0.1362 0 0.9907
1.1722 1.03 -0.3496 0.5642 0.6817 0.1362 0 0.9907
1.1722 0.565 -0.3496 0.5642 0.9579 0.1362 0 0.9907
1.5565 0.5898 -0.4024 0.5591 0.9432 0.1362 0 0.9907
1.5565 1.0083 -0.4024 0.5591 0.6946 0.1362 0 0.9907
1.1722 0.565 -0.3496 0.5642 0.9579 0.1362 0 0.9907
1.506 1.0488 -0.9424 0.5075 0.6705 0.0666 0.9954 0.069
1.1212 1.075 -0.9496 0.5069 0.655 0.0666 0.9954 0.069
1.1722 1.03 -0.3496 0.5642 0.6817 0.0666 0.9954 0.069
1.5565 1.0083 -0.4024 0.5591 0.6946 0.0658 0.9955 0.0685
1.506 1.0488 -0.9424 0.5075 0.6705 0.0658 0.9955 0.0685
1.1722 1.03 -0.3496 0.5642 0.6817 0.0658 0.9955 0.0685
1.506 1.0488 -1.2664 0.4766 0.6705 0.0681 0.9977 0
1.1212 1.075 -1.3096 0.4725 0.655 0.0681 0.9977 0
1.1212 1.075 -0.9496 0.5069 0.655 0.0681 0.9977 0
1.506 1.0488 -0.9424 0.5075 0.6705 0.0681 0.9977 0
1.506 1.0488 -1.2664 0.4766 0.6705 0.0681 0.9977 0
1.1212 1.075 -0.9496 0.5069 0.655 0.0681 0.9977 0
1.506 0.5898 -1.2664 0.4766 0.9432 0.1114 0 -0.9938
1.1212 0.565 -1.3096 0.4725 0.9579 0.1114 0 -0.9938
1.1212 1.075 -1.3096 0.4725 0.655 0.1114 0 -0.9938
1.506 1.0488 -1.2664 0.4766 0.6705 0.1114 0 -0.9938
1.506 0.5898 -1.2664 0.4766 0.9432 0.1114 0 -0.9938
1.1212 1.075 -1.3096 0.4725 0.655 0.1114 0 -0.9938
-1.5069 0.5898 -0.9577 0.5061 0.9432 -0.0641 -0.9979 -0.0055
-1.1225 0.565 -0.9496 0.5069 0.9579 -0.0641 -0.9979 -0.0055
-1.1735 0.565 -0.3496 0.5642 0.9579 -0.0641 -0.9979 -0.0055
-1.5574 0.5898 -0.4177 0.5577 0.9432 -0.0633 -0.998 -0.0059
-1.5069 0.5898 -0.9577 0.5061 0.9432 -0.0633 -0.998 -0.0059
-1.1735 0.565 -0.3496 0.5642 0.9579 -0.0633 -0.998 -0.0059
-1.5069 0.5898 -1.2817 0.4751 0.9432 -0.0642 -0.9979 0
-1.1225 0.565 -1.3096 0.4725 0.9579 -0.0642 -0.9979 0
-1.1225 0.565 -0.9496 0.5069 0.9579 -0.0642 -0.9979 0
-1.5069 0.5898 -0.9577 0.5061 0.9432 -0.0642 -0.9979 0
-1.5069 0.5898 -1.2817 0.4751 0.9432 -0.0642 -0.9979 0
-1.1225 0.565 -0.9496 0.5069 0.9579 -0.0642 -0.9979 0
-1.5574 1.0083 -0.4177 0.5577 0.6946 -0.0686 0.9953 0.0688
-1.1735 1.03 -0.3496 0.5642 0.6817 -0.0686 0.9953 0.0688
-1.1225 1.075 -0.9496 0.5069 0.655 -0.0686 0.9953 0.0688
-1.5069 1.0488 -0.9577 0.5061 0.6705 -0.0694 0.9953 0.0682
-1.5574 1.0083 -0.4177 0.5577 0.6946 -0.0694 0.9953 0.0682
-1.1225 1.075 -0.9496 0.5069 0.655 -0.0694 0.9953 0.0682
-1.5574 0.5898 -0.4177 0.5577 0.9432 -0.1747 -0 0.9846
-1.1735 0.565 -0.3496 0.5642 0.9579 -0.1747 -0 0.9846
-1.1735 1.03 -0.3496 0.5642 0.6817 -0.1747 -0 0.9846
-1.5574 1.0083 -0.4177 0.5577 0.6946 -0.1747 0 0.9846
-1.5574 0.5898 -0.4177 0.5577 0.9432 -0.1747 0 0.9846
-1.1735 1.03 -0.3496 0.5642 0.6817 -0.1747 0 0.9846
-1.5069 1.0488 -1.2817 0.4751 0.6705 -0.0724 0 -0.9974
-1.1225 1.075 -1.3096 0.4725 0.655 -0.0724 0 -0.9974
-1.1225 0.565 -1.3096 0.4725 0.9579 -0.0724 0 -0.9974
-1.5069 0.5898 -1.2817 0.4751 0.9432 -0.0724 0 -0.9974
-1.5069 1.0488 -1.2817 0.4751 0.6705 -0.0724 0 -0.9974
-1.1225 0.565 -1.3096 0.4725 0.9579 -0.0724 0 -0.9974
-1.5069 1.0488 -0.9577 0.5061 0.6705 -0.0681 0.9977 0
-1.1225 1.075 -0.9496 0.5069 0.655 -0.0681 0.9977 0
-1.1225 1.075 -1.3096 0.4725 0.655 -0.0681 0.9977 0
-1.5069 1.0488 -1.2817 0.4751 0.6705 -0.0681 0.9977 0
-1.5069 1.0488 -0.9577 0.5061 0.6705 -0.0681 0.9977 0
-1.1225 1.075 -1.3096 0.4725 0.655 -0.0681 0.9977 0
2.0043 0.6343 -1.2121 0.4818 0.9167 0.1085 0 -0.9941
1.506 0.5898 -1.2664 0.4766 0.9432 0.1085 0 -0.9941
1.506 1.0488 -1.2664 0.4766 0.6705 0.1085 0 -0.9941
2.0043 1.0015 -1.2121 0.4818 0.6986 0.1085 0 -0.9941
2.0043 0.6343 -1.2121 0.4818 0.9167 0.1085 0 -0.9941
1.506 1.0488 -1.2664 0.4766 0.6705 0.1085 0 -0.9941
2.0043 1.0015 -1.2121 0.4818 0.6986 0.0944 0.9955 0
1.506 1.0488 -1.2664 0.4766 0.6705 0.0944 0.9955 0
1.506 1.0488 -0.9424 0.5075 0.6705 0.0944 0.9955 0
2.0043 1.0015 -0.9529 0.5066 0.6986 0.0944 0.9955 0
2.0043 1.0015 -1.2121 0.4818 0.6986 0.0944 0.9955 0
1.506 1.0488 -0.9424 0.5075 0.6705 0.0944 0.9955 0
2.0043 1.0015 -0.9529 0.5066 0.6986 0.0956 0.9933 0.0656
1.506 1.0488 -0.9424 0.5075 0.6705 0.0956 0.9933 0.0656
1.5565 1.0083 -0.4024 0.5591 0.6946 0.0956 0.9933 0.0656
2.0447 0.9691 -0.5209 0.5478 0.7179 0.0956 0.9933 0.0656
2.0043 1.0015 -0.9529 0.5066 0.6986 0.0956 0.9933 0.0656
1.5565 1.0083 -0.4024 0.5591 0.6946 0.0956 0.9933 0.0656
2.0447 0.9691 -0.5209 0.5478 0.7179 0.2358 0 0.9718
1.5565 1.0083 -0.4024 0.5591 0.6946 0.2358 0 0.9718
1.5565 0.5898 -0.4024 0.5591 0.9432 0.2358 0 0.9718
2.0447 0.6343 -0.5209 0.5478 0.9167 0.2358 0 0.9718
2.0447 0.9691 -0.5209 0.5478 0.7179 0.2358 0 0.9718
1.5565 0.5898 -0.4024 0.5591 0.9432 0.2358 0 0.9718
2.0043 0.6343 -0.9529 0.5066 0.9167 0.0891 -0.996 0
1.506 0.5898 -0.9424 0.5075 0.9432 0.0891 -0.996 0
1.506 0.5898 -1.2664 0.4766 0.9432 0.0891 -0.996 0
2.0043 0.6343 -1.2121 0.4818 0.9167 0.0891 -0.996 -0
2.0043 0.6343 -0.9529 0.5066 0.9167 0.0891 -0.996 -0
1.506 0.5898 -1.2664 0.4766 0.9432 0.0891 -0.996 -0
2.0447 0.6343 -0.5209 0.5478 0.9167 0.0889 -0.996 -0.0083
1.5565 0.5898 -0.4024 0.5591 0.9432 0.0889 -0.996 -0.0083
1.506 0.5898 -0.9424 0.5075 0.9432 0.0889 -0.996 -0.0083
2.0043 0.6343 -0.9529 0.5066 0.9167 0.0889 -0.996 -0.0083
2.0447 0.6343 -0.5209 0.5478 0.9167 0.0889 -0.996 -0.0083
1.506 0.5898 -0.9424 0.5075 0.9432 0.0889 -0.996 -0.0083
-2.0052 1.0015 -0.9651 0.5054 0.6986 -0.0944 0.9955 0
-1.5069 1.0488 -0.9577 0.5061 0.6705 -0.0944 0.9955 0
-1.5069 1.0488 -1.2817 0.4751 0.6705 -0.0944 0.9955 0
-2.0052 1.0015 -1.2243 0.4806 0.6986 -0.0944 0.9955 0
-2.0052 1.0015 -0.9651 0.5054 0.6986 -0.0944 0.9955 0
-1.5069 1.0488 -1.2817 0.4751 0.6705 -0.0944 0.9955 0
-2.0052 1.0015 -1.2243 0.4806 0.6986 -0.1145 0 -0.9934
-1.5069 1.0488 -1.2817 0.4751 0.6705 -0.1145 0 -0.9934
-1.5069 0.5898 -1.2817 0.4751 0.9432 -0.1145 0 -0.9934
-2.0052 0.6343 -1.2243 0.4806 0.9167 -0.1145 0 -0.9934
-2.0052 1.0015 -1.2243 0.4806 0.6986 -0.1145 0 -0.9934
-1.5069 0.5898 -1.2817 0.4751 0.9432 -0.1145 0 -0.9934
-2.0456 0.6343 -0.5331 0.5467 0.9167 -0.23 0 0.9732
-1.5574 0.5898 -0.4177 0.5577 0.9432 -0.23 0 0.9732
-1.5574 1.0083 -0.4177 0.5577 0.6946 -0.23 0 0.9732
-2.0456 0.9691 -0.5331 0.5467 0.7179 -0.23 -0 0.9732
-2.0456 0.6343 -0.5331 0.5467 0.9167 -0.23 -0 0.9732
-1.5574 1.0083 -0.4177 0.5577 0.6946 -0.23 -0 0.9732
-2.0456 0.9691 -0.5331 0.5467 0.7179 -0.0952 0.9933 0.0656
-1.5574 1.0083 -0.4177 0.5577 0.6946 -0.0952 0.9933 0.0656
-1.5069 1.0488 -0.9577 0.5061 0.6705 -0.0952 0.9933 0.0656
-2.0052 1.0015 -0.9651 0.5054 0.6986 -0.0952 0.9933 0.0656
-2.0456 0.9691 -0.5331 0.5467 0.7179 -0.0952 0.9933 0.0656
-1.5069 1.0488 -0.9577 0.5061 0.6705 -0.0952 0.9933 0.0656
-2.0052 0.6343 -1.2243 0.4806 0.9167 -0.0891 -0.996 0
-1.5069 0.5898 -1.2817 0.4751 0.9432 -0.0891 -0.996 0
-1.5069 0.5898 -0.9577 0.5061 0.9432 -0.0891 -0.996 0
-2.0052 0.6343 -0.9651 0.5054 0.9167 -0.0891 -0.996 0
-2.0052 0.6343 -1.2243 0.4806 0.9167 -0.0891 -0.996 0
-1.5069 0.5898 -0.9577 0.5061 0.9432 -0.0891 -0.996 0
-2.0052 0.6343 -0.9651 0.5054 0.9167 -0.0889 -0.996 -0.0083
-1.5069 0.5898 -0.9577 0.5061 0.9432 -0.0889 -0.996 -0.0083
-1.5574 0.5898 -0.4177 0.5577 0.9432 -0.0889 -0.996 -0.0083
-2.0456 0.6343 -0.5331 0.5467 0.9167 -0.0889 -0.996 -0.0083
-2.0052 0.6343 -0.9651 0.5054 0.9167 -0.0889 -0.996 -0.0083
-1.5574 0.5898 -0.4177 0.5577 0.9432 -0.0889 -0.996 -0.0083
-2.4142 0.7591 -0.9434 0.5075 0.8426 -0.2929 -0.9557 -0.0274
-2.0052 0.6343 -0.9651 0.5054 0.9167 -0.2929 -0.9557 -0.0274
-2.0456 0.6343 -0.5331 0.5467 0.9167 -0.2929 -0.9557 -0.0274
-2.4263 0.7591 -0.8138 0.5198 0.8426 -0.2929 -0.9557 -0.0274
-2.4142 0.7591 -0.9434 0.5075 0.8426 -0.2929 -0.9557 -0.0274
-2.0456 0.6343 -0.5331 0.5467 0.9167 -0.2929 -0.9557 -0.0274
-2.4142 0.7591 -1.0212 0.5 0.8426 -0.2917 -0.9565 0
-2.0052 0.6343 -1.2243 0.4806 0.9167 -0.2917 -0.9565 0
-2.0052 0.6343 -0.9651 0.5054 0.9167 -0.2917 -0.9565 0
-2.4142 0.7591 -0.9434 0.5075 0.8426 -0.2917 -0.9565 0
-2.4142 0.7591 -1.0212 0.5 0.8426 -0.2917 -0.9565 0
-2.0052 0.6343 -0.9651 0.5054 0.9167 -0.2917 -0.9565 0
-2.4263 0.8595 -0.8138 0.5198 0.783 -0.3054 0.9512 0.0428
-2.0456 0.9691 -0.5331 0.5467 0.7179 -0.3054 0.9512 0.0428
-2.0052 1.0015 -0.9651 0.5054 0.6986 -0.3054 0.9512 0.0428
-2.4142 0.8692 -0.9434 0.5075 0.7772 -0.3054 0.9512 0.0428
-2.4263 0.8595 -0.8138 0.5198 0.783 -0.3054 0.9512 0.0428
-2.0052 1.0015 -0.9651 0.5054 0.6986 -0.3054 0.9512 0.0428
-2.4263 0.7591 -0.8138 0.5198 0.8426 -0.5935 -0 0.8049
-2.0456 0.6343 -0.5331 0.5467 0.9167 -0.5935 -0 0.8049
-2.0456 0.9691 -0.5331 0.5467 0.7179 -0.5935 -0 0.8049
-2.4263 0.8595 -0.8138 0.5198 0.783 -0.5935 0 0.8049
-2.4263 0.7591 -0.8138 0.5198 0.8426 -0.5935 0 0.8049
-2.0456 0.9691 -0.5331 0.5467 0.7179 -0.5935 0 0.8049
-2.4142 0.8692 -1.0212 0.5 0.7772 -0.4448 0 -0.8956
-2.0052 1.0015 -1.2243 0.4806 0.6986 -0.4448 0 -0.8956
-2.0052 0.6343 -1.2243 0.4806 0.9167 -0.4448 0 -0.8956
-2.4142 0.7591 -1.0212 0.5 0.8426 -0.4448 0 -0.8956
-2.4142 0.8692 -1.0212 0.5 0.7772 -0.4448 0 -0.8956
-2.0052 0.6343 -1.2243 0.4806 0.9167 -0.4448 0 -0.8956
-2.4142 0.8692 -0.9434 0.5075 0.7772 -0.3078 0.9515 0
-2.0052 1.0015 -0.9651 0.5054 0.6986 -0.3078 0.9515 0
-2.0052 1.0015 -1.2243 0.4806 0.6986 -0.3078 0.9515 0
-2.4142 0.8692 -1.0212 0.5 0.7772 -0.3078 0.9515 0
-2.4142 0.8692 -0.9434 0.5075 0.7772 -0.3078 0.9515 0
-2.0052 1.0015 -1.2243 0.4806 0.6986 -0.3078 0.9515 0
-2.4263 0.8595 -0.8138 0.5198 0.783 -0.9957 0 -0.0931
-2.4142 0.8692 -0.9434 0.5075 0.7772 -0.9957 0 -0.0931
-2.4142 0.7591 -0.9434 0.5075 0.8426 -0.9957 0 -0.0931
-2.4263 0.7591 -0.8138 0.5198 0.8426 -0.9957 0 -0.0931
-2.4263 0.8595 -0.8138 0.5198 0.783 -0.9957 0 -0.0931
-2.4142 0.7591 -0.9434 0.5075 0.8426 -0.9957 0 -0.0931
-2.4142 0.7591 -1.0212 0.5 0.8426 -1 0 0
-2.4142 0.7591 -0.9434 0.5075 0.8426 -1 0 0
-2.4142 0.8692 -0.9434 0.5075 0.7772 -1 0 0
-2.4142 0.8692 -1.0212 0.5 0.7772 -1 0 0
-2.4142 0.7591 -1.0212 0.5 0.8426 -1 0 0
-2.4142 0.8692 -0.9434 0.5075 0.7772 -1 0 0
2.4254 0.7591 -0.8016 0.521 0.8426 0.2929 -0.9557 -0.0274
2.0447 0.6343 -0.5209 0.5478 0.9167 0.2929 -0.9557 -0.0274
2.0043 0.6343 -0.9529 0.5066 0.9167 0.2929 -0.9557 -0.0274
2.4133 0.7591 -0.9312 0.5086 0.8426 0.2929 -0.9557 -0.0274
2.4254 0.7591 -0.8016 0.521 0.8426 0.2929 -0.9557 -0.0274
2.0043 0.6343 -0.9529 0.5066 0.9167 0.2929 -0.9557 -0.0274
2.4133 0.7591 -0.9312 0.5086 0.8426 0.2917 -0.9565 -0
2.0043 0.6343 -0.9529 0.5066 0.9167 0.2917 -0.9565 -0
2.0043 0.6343 -1.2121 0.4818 0.9167 0.2917 -0.9565 -0
2.4133 0.7591 -1.0089 0.5012 0.8426 0.2917 -0.9565 0
2.4133 0.7591 -0.9312 0.5086 0.8426 0.2917 -0.9565 0
2.0043 0.6343 -1.2121 0.4818 0.9167 0.2917 -0.9565 0
2.4254 0.8595 -0.8016 0.521 0.783 0.5935 0 0.8049
2.0447 0.9691 -0.5209 0.5478 0.7179 0.5935 0 0.8049
2.0447 0.6343 -0.5209 0.5478 0.9167 0.5935 0 0.8049
2.4254 0.7591 -0.8016 0.521 0.8426 0.5935 0 0.8049
2.4254 0.8595 -0.8016 0.521 0.783 0.5935 0 0.8049
2.0447 0.6343 -0.5209 0.5478 0.9167 0.5935 0 0.8049
2.4133 0.8692 -0.9312 0.5086 0.7772 0.3054 0.9513 0.0428
2.0043 1.0015 -0.9529 0.5066 0.6986 0.3054 0.9513 0.0428
2.0447 0.9691 -0.5209 0.5478 0.7179 0.3054 0.9513 0.0428
2.4254 0.8595 -0.8016 0.521 0.783 0.3054 0.9512 0.0428
2.4133 0.8692 -0.9312 0.5086 0.7772 0.3054 0.9512 0.0428
2.0447 0.9691 -0.5209 0.5478 0.7179 0.3054 0.9512 0.0428
2.4133 0.8692 -1.0089 0.5012 0.7772 0.3078 0.9515 0
2.0043 1.0015 -1.2121 0.4818 0.6986 0.3078 0.9515 0
2.0043 1.0015 -0.9529 0.5066 0.6986 0.3078 0.9515 0
2.4133 0.8692 -0.9312 0.5086 0.7772 0.3078 0.9515 0
2.4133 0.8692 -1.0089 0.5012 0.7772 0.3078 0.9515 0
2.0043 1.0015 -0.9529 0.5066 0.6986 0.3078 0.9515 0
2.4133 0.7591 -1.0089 0.5012 0.8426 0.4448 0 -0.8956
2.0043 0.6343 -1.2121 0.4818 0.9167 0.4448 0 -0.8956
2.0043 1.0015 -1.2121 0.4818 0.6986 0.4448 0 -0.8956
2.4133 0.8692 -1.0089 0.5012 0.7772 0.4448 0 -0.8956
2.4133 0.7591 -1.0089 0.5012 0.8426 0.4448 0 -0.8956
2.0043 1.0015 -1.2121 0.4818 0.6986 0.4448 0 -0.8956
2.4133 0.8692 -0.9312 0.5086 0.7772 0.9957 0 -0.0931
2.4254 0.8595 -0.8016 0.521 0.783 0.9957 0 -0.0931
2.4254 0.7591 -0.8016 0.521 0.8426 0.9957 0 -0.0931
2.4133 0.7591 -0.9312 0.5086 0.8426 0.9957 0 -0.0931
2.4133 0.8692 -0.9312 0.5086 0.7772 0.9957 0 -0.0931
2.4254 0.7591 -0.8016 0.521 0.8426 0.9957 0 -0.0931
2.4133 0.8692 -1.0089 0.5012 0.7772 1 0 0
2.4133 0.8692 -0.9312 0.5086 0.7772 1 0 0
2.4133 0.7591 -0.9312 0.5086 0.8426 1 0 0
2.4133 0.7591 -1.0089 0.5012 0.8426 1 0 0
2.4133 0.8692 -1.0089 0.5012 0.7772 1 0 0
2.4133 0.7591 -0.9312 0.5086 0.8426 1 0 0
-0.0006 1.0812 -3.5929 0.2543 0.6513 0.0506 -0.9957 -0.0775
-0.0006 1.05 -3.1929 0.2925 0.6698 0.0506 -0.9957 -0.0775
-0.3366 1.0329 -3.1929 0.2925 0.6799 0.0506 -0.9957 -0.0775
-0.107 1.0812 -3.5929 0.2543 0.6513 0 -0.9928 -0.1197
-0.0006 1.0812 -3.5929 0.2543 0.6513 0 -0.9928 -0.1197
-0.3366 1.0329 -3.1929 0.2925 0.6799 0 -0.9928 -0.1197
0.1058 1.0812 -3.5929 0.2543 0.6513 -0.0505 -0.9946 -0.0909
0.3354 1.0329 -3.1929 0.2925 0.6799 -0.0505 -0.9946 -0.0909
-0.0006 1.05 -3.1929 0.2925 0.6698 -0.0505 -0.9946 -0.0909
-0.0006 1.0812 -3.5929 0.2543 0.6513 0 -0.997 -0.0776
0.1058 1.0812 -3.5929 0.2543 0.6513 0 -0.997 -0.0776
-0.0006 1.05 -3.1929 0.2925 0.6698 0 -0.997 -0.0776
-0.0006 1.1492 -3.5929 0.2877 0.7085 0 0.6273 -0.7788
-0.0006 1.3974 -3.3929 0.3073 0.7085 0 0.6273 -0.7788
0.2094 1.3974 -3.3929 0.3073 0.7755 0 0.6273 -0.7788
0.1058 1.1492 -3.5929 0.2877 0.7425 0 0.6273 -0.7788
-0.0006 1.1492 -3.5929 0.2877 0.7085 0 0.6273 -0.7788
0.2094 1.3974 -3.3929 0.3073 0.7755 0 0.6273 -0.7788
-0.107 1.1492 -3.5929 0.2877 0.6746 0 0.6273 -0.7788
-0.2106 1.3974 -3.3929 0.3073 0.6416 0 0.6273 -0.7788
-0.0006 1.3974 -3.3929 0.3073 0.7085 0 0.6273 -0.7788
-0.0006 1.1492 -3.5929 0.2877 0.7085 0 0.6273 -0.7788
-0.107 1.1492 -3.5929 0.2877 0.6746 0 0.6273 -0.7788
-0.0006 1.3974 -3.3929 0.3073 0.7085 0 0.6273 -0.7788
0.1058 1.1492 -3.5929 0.2543 0.6109 0.8708 0.0318 -0.4906
0.2094 1.3974 -3.3929 0.2734 0.4634 0.8708 0.0318 -0.4906
0.3354 1.0329 -3.1929 0.2925 0.6799 0.8708 0.0318 -0.4906
0.1058 1.0812 -3.5929 0.2543 0.6513 0.8673 0 -0.4978
0.1058 1.1492 -3.5929 0.2543 0.6109 0.8673 0 -0.4978
0.3354 1.0329 -3.1929 0.2925 0.6799 0.8673 0 -0.4978
-0.107 1.0812 -3.5929 0.2543 0.6513 -0.8684 0.0286 -0.495
-0.3366 1.0329 -3.1929 0.2925 0.6799 -0.8684 0.0286 -0.495
-0.2106 1.3974 -3.3929 0.2734 0.4634 -0.8684 0.0286 -0.495
-0.107 1.1492 -3.5929 0.2543 0.6109 -0.8879 0 -0.46
-0.107 1.0812 -3.5929 0.2543 0.6513 -0.8879 0 -0.46
-0.2106 1.3974 -3.3929 0.2734 0.4634 -0.8879 0 -0.46
-0.107 1.1492 -3.5929 0.2543 0.6109 0 0 -1
-0.0006 1.1492 -3.5929 0.2543 0.6109 0 0 -1
-0.0006 1.0812 -3.5929 0.2543 0.6513 0 0 -1
-0.107 1.0812 -3.5929 0.2543 0.6513 0 0 -1
-0.107 1.1492 -3.5929 0.2543 0.6109 0 0 -1
-0.0006 1.0812 -3.5929 0.2543 0.6513 0 0 -1
-0.0006 1.1492 -3.5929 0.2543 0.6109 0 0 -1
0.1058 1.1492 -3.5929 0.2543 0.6109 0 0 -1
0.1058 1.0812 -3.5929 0.2543 0.6513 0 0 -1
-0.0006 1.0812 -3.5929 0.2543 0.6513 0 0 -1
-0.0006 1.1492 -3.5929 0.2543 0.6109 0 0 -1
0.1058 1.0812 -3.5929 0.2543 0.6513 0 0 -1
-0.1406 1.0313 -3.5929 0.2543 0.6809 -0.0507 0.9983 -0.0289
-0.3366 1.0329 -3.1929 0.2925 0.6799 -0.0507 0.9983 -0.0289
-0.0006 1.05 -3.1929 0.2925 0.6698 -0.0507 0.9983 -0.0289
-0.0006 1.0313 -3.5929 0.2543 0.6809 0 0.9989 -0.0467
-0.1406 1.0313 -3.5929 0.2543 0.6809 0 0.9989 -0.0467
-0.0006 1.05 -3.1929 0.2925 0.6698 0 0.9989 -0.0467
-0.0006 1.0313 -3.5929 0.2543 0.6809 0.0507 0.9976 -0.0466
-0.0006 1.05 -3.1929 0.2925 0.6698 0.0507 0.9976 -0.0466
0.3354 1.0329 -3.1929 0.2925 0.6799 0.0507 0.9976 -0.0466
0.1394 1.0313 -3.5929 0.2543 0.6809 0 1 -0.0041
-0.0006 1.0313 -3.5929 0.2543 0.6809 0 1 -0.0041
0.3354 1.0329 -3.1929 0.2925 0.6799 0 1 -0.0041
0.1394 1.0103 -3.5929 0.2543 0.6934 0 -0.7688 -0.6395
0.2094 0.8439 -3.3929 0.2734 0.7922 0 -0.7688 -0.6395
-0.0006 0.8439 -3.3929 0.2734 0.7922 0 -0.7688 -0.6395
-0.0006 1.0103 -3.5929 0.2543 0.6934 0 -0.7688 -0.6395
0.1394 1.0103 -3.5929 0.2543 0.6934 0 -0.7688 -0.6395
-0.0006 0.8439 -3.3929 0.2734 0.7922 0 -0.7688 -0.6395
-0.0006 1.0103 -3.5929 0.2543 0.6934 0 -0.7688 -0.6395
-0.0006 0.8439 -3.3929 0.2734 0.7922 0 -0.7688 -0.6395
-0.2106 0.8439 -3.3929 0.2734 0.7922 0 -0.7688 -0.6395
-0.1406 1.0103 -3.5929 0.2543 0.6934 0 -0.7688 -0.6395
-0.0006 1.0103 -3.5929 0.2543 0.6934 0 -0.7688 -0.6395
-0.2106 0.8439 -3.3929 0.2734 0.7922 0 -0.7688 -0.6395
0.1394 1.0313 -3.5929 0.2543 0.6809 0.8903 -0.1325 -0.4357
0.3354 1.0329 -3.1929 0.2925 0.6799 0.8903 -0.1325 -0.4357
0.2094 0.8439 -3.3929 0.2734 0.7922 0.8903 -0.1325 -0.4357
0.1394 1.0103 -3.5929 0.2543 0.6934 0.9439 0 -0.3304
0.1394 1.0313 -3.5929 0.2543 0.6809 0.9439 0 -0.3304
0.2094 0.8439 -3.3929 0.2734 0.7922 0.9439 0 -0.3304
-0.1406 1.0103 -3.5929 0.2543 0.6934 -0.8922 -0.1406 -0.4292
-0.2106 0.8439 -3.3929 0.2734 0.7922 -0.8922 -0.1406 -0.4292
-0.3366 1.0329 -3.1929 0.2925 0.6799 -0.8922 -0.1406 -0.4292
-0.1406 1.0313 -3.5929 0.2543 0.6809 -0.898 0 -0.44
-0.1406 1.0103 -3.5929 0.2543 0.6934 -0.898 0 -0.44
-0.3366 1.0329 -3.1929 0.2925 0.6799 -0.898 0 -0.44
-0.1406 1.0313 -3.5929 0.2543 0.6809 0 0 -1
-0.0006 1.0313 -3.5929 0.2543 0.6809 0 0 -1
-0.0006 1.0103 -3.5929 0.2543 0.6934 0 0 -1
-0.1406 1.0103 -3.5929 0.2543 0.6934 0 0 -1
-0.1406 1.0313 -3.5929 0.2543 0.6809 0 0 -1
-0.0006 1.0103 -3.5929 0.2543 0.6934 0 0 -1
-0.0006 1.0313 -3.5929 0.2543 0.6809 0 0 -1
0.1394 1.0313 -3.5929 0.2543 0.6809 0 0 -1
0.1394 1.0103 -3.5929 0.2543 0.6934 0 0 -1
-0.0006 1.0103 -3.5929 0.2543 0.6934 0 0 -1
-0.0006 1.0313 -3.5929 0.2543 0.6809 0 0 -1
0.1394 1.0103 -3.5929 0.2543 0.6934 0 0 -1
-0.0006 1.3974 -3.3929 0.3073 0.7085 0.1153 0.7726 -0.6244
-0.0006 1.5875 -3.1578 0.3269 0.7085 0.1153 0.7726 -0.6244
0.3135 1.5413 -3.157 0.3269 0.8201 0.1153 0.7726 -0.6244
0.2094 1.3974 -3.3929 0.3073 0.7755 0 0.8539 -0.5205
-0.0006 1.3974 -3.3929 0.3073 0.7085 0 0.8539 -0.5205
0.3135 1.5413 -3.157 0.3269 0.8201 0 0.8539 -0.5205
-0.0006 1.3974 -3.3929 0.3073 0.7085 0 0.8539 -0.5205
-0.2106 1.3974 -3.3929 0.3073 0.6416 0 0.8539 -0.5205
-0.3148 1.5413 -3.157 0.3269 0.5969 0 0.8539 -0.5205
-0.0006 1.5875 -3.1578 0.3269 0.7085 -0.1153 0.7726 -0.6244
-0.0006 1.3974 -3.3929 0.3073 0.7085 -0.1153 0.7726 -0.6244
-0.3148 1.5413 -3.157 0.3269 0.5969 -0.1153 0.7726 -0.6244
-0.3366 1.0329 -3.1929 0.2925 0.6799 -0.8174 0.0756 -0.5711
-0.3658 1.1487 -3.1359 0.2925 0.6104 -0.8174 0.0756 -0.5711
-0.3148 1.5413 -3.157 0.2925 0.358 -0.8174 0.0756 -0.5711
-0.2106 1.3974 -3.3929 0.2734 0.4634 -0.8963 0.0695 -0.4379
-0.3366 1.0329 -3.1929 0.2925 0.6799 -0.8963 0.0695 -0.4379
-0.3148 1.5413 -3.157 0.2925 0.358 -0.8963 0.0695 -0.4379
-0.3366 1.0329 -3.1929 0.2925 0.6799 -0.8911 -0.1357 -0.4331
-0.2106 0.8439 -3.3929 0.2734 0.7922 -0.8911 -0.1357 -0.4331
-0.3148 0.7746 -3.157 0.2925 0.8628 -0.8911 -0.1357 -0.4331
-0.3658 1.1487 -3.1359 0.2925 0.6104 -0.9602 -0.1166 -0.254
-0.3366 1.0329 -3.1929 0.2925 0.6799 -0.9602 -0.1166 -0.254
-0.3148 0.7746 -3.157 0.2925 0.8628 -0.9602 -0.1166 -0.254
-0.0006 0.8439 -3.3929 0.2734 0.7922 -0.1303 -0.8909 -0.4352
-0.0006 0.7291 -3.1578 0.2925 0.8628 -0.1303 -0.8909 -0.4352
-0.3148 0.7746 -3.157 0.2925 0.8628 -0.1303 -0.8909 -0.4352
-0.2106 0.8439 -3.3929 0.2734 0.7922 0 -0.9595 -0.2818
-0.0006 0.8439 -3.3929 0.2734 0.7922 0 -0.9595 -0.2818
-0.3148 0.7746 -3.157 0.2925 0.8628 0 -0.9595 -0.2818
-0.0006 0.8439 -3.3929 0.2734 0.7922 0 -0.9595 -0.2818
0.2094 0.8439 -3.3929 0.2734 0.7922 0 -0.9595 -0.2818
0.3135 0.7746 -3.157 0.2925 0.8628 0 -0.9595 -0.2818
-0.0006 0.7291 -3.1578 0.2925 0.8628 0.1303 -0.8909 -0.4352
-0.0006 0.8439 -3.3929 0.2734 0.7922 0.1303 -0.8909 -0.4352
0.3135 0.7746 -3.157 0.2925 0.8628 0.1303 -0.8909 -0.4352
0.3354 1.0329 -3.1929 0.2925 0.6799 0.9601 -0.1167 -0.254
0.3645 1.1487 -3.1359 0.2925 0.6104 0.9601 -0.1167 -0.254
0.3135 0.7746 -3.157 0.2925 0.8628 0.9601 -0.1167 -0.254
0.2094 0.8439 -3.3929 0.2734 0.7922 0.8911 -0.1357 -0.4331
0.3354 1.0329 -3.1929 0.2925 0.6799 0.8911 -0.1357 -0.4331
0.3135 0.7746 -3.157 0.2925 0.8628 0.8911 -0.1357 -0.4331
0.3354 1.0329 -3.1929 0.2925 0.6799 0.8963 0.0695 -0.4379
0.2094 1.3974 -3.3929 0.2734 0.4634 0.8963 0.0695 -0.4379
0.3135 1.5413 -3.157 0.2925 0.358 0.8963 0.0695 -0.4379
0.3645 1.1487 -3.1359 0.2925 0.6104 0.8174 0.0756 -0.5711
0.3354 1.0329 -3.1929 0.2925 0.6799 0.8174 0.0756 -0.5711
0.3135 1.5413 -3.157 0.2925 0.358 0.8174 0.0756 -0.5711
